      0/49     2.13G   0.03681   0.07198   0.04295    0.1517       247       640    0.5549    0.5946    0.5788    0.3826   0.05161    0.1132   0.03228
      1/49     10.8G   0.03388   0.06136   0.02958    0.1248       358       640    0.6127    0.5651    0.5982    0.3912    0.0513    0.1008   0.03422
      2/49       12G   0.03141   0.05312   0.01743     0.102       261       640    0.5761    0.6549    0.6241    0.4156   0.05058   0.09608   0.03432
      3/49       12G   0.03133   0.04965   0.01405   0.09503       381       640     0.657    0.5713    0.6493    0.4378   0.04944   0.09423   0.03525
      4/49       12G   0.02979   0.05105   0.01051   0.09135       396       640    0.6416    0.6474    0.7112      0.48   0.05028   0.09248   0.03396
      5/49       12G   0.03035   0.04534  0.008469   0.08416       432       640    0.6266    0.7545    0.7395    0.4916   0.04879   0.09119   0.03624
      6/49       12G   0.03106   0.04453  0.007731   0.08332       223       640    0.6337    0.7825    0.7737    0.5244   0.04725   0.09453   0.03276
      7/49       12G   0.03044   0.04461  0.006076   0.08113       306       640    0.7065    0.7524    0.7949    0.5477   0.04706    0.0968   0.03083
      8/49       12G   0.03141   0.04382  0.005791   0.08102       304       640    0.7565    0.7649    0.8127    0.5435    0.0494   0.09764   0.02893
      9/49       12G   0.03334   0.04273  0.005682   0.08175       253       640    0.4458    0.6623     0.513    0.1533   0.07297   0.08934   0.02907
     10/49       12G   0.04426   0.04077   0.00552   0.09055       285       640    0.7204    0.7309    0.7793    0.4319   0.05527    0.1018   0.02809
     11/49       12G   0.03792   0.04516  0.006062   0.08914       253       640    0.7204    0.7491    0.7605    0.4291    0.0592   0.08963   0.02639
     12/49       12G   0.03656   0.04225  0.005504   0.08431       407       640    0.7872    0.7889    0.8397    0.4978   0.05321   0.09587   0.02591
     13/49       12G   0.03521   0.04615  0.005322   0.08668       253       640    0.5233    0.8087    0.7082    0.3325   0.06086   0.09354   0.02558
     14/49       12G   0.03744   0.04055  0.005343   0.08334       368       640    0.7498      0.83    0.8089    0.4737    0.0561   0.09282   0.02338
     15/49       12G    0.0349   0.03906  0.004563   0.07852       371       640    0.6516    0.8289    0.7397    0.4355   0.05804   0.09304   0.02284
     16/49       12G    0.0376    0.0437   0.00508   0.08638       322       640    0.6985    0.8433    0.8212     0.462   0.05703    0.0937   0.02329
     17/49       12G   0.03404   0.04195  0.004988   0.08098       300       640    0.6329     0.878    0.7946    0.4341   0.05632   0.08878    0.0202
     18/49       12G   0.03536   0.03849  0.004742   0.07859       306       640    0.7175    0.8327    0.7794    0.4235   0.05647    0.0955   0.02077
     19/49       12G    0.0342   0.04062  0.004661   0.07948       257       640    0.8178    0.8359    0.8705    0.5183   0.05398   0.09354   0.01881
     20/49       12G   0.03459    0.0391  0.004341   0.07802       387       640    0.7524    0.8337    0.8629    0.4786   0.05313   0.09014   0.01741
     21/49       12G   0.03234   0.03667  0.004399   0.07341       317       640    0.7097    0.7722    0.8194    0.5369   0.05456   0.08899   0.01654
     22/49       12G    0.0356    0.0374  0.004684   0.07768       434       640    0.6836    0.8331    0.8027     0.465   0.05982   0.09147   0.01565
     23/49       12G   0.03648   0.04157  0.004877   0.08293       355       640    0.8159    0.8917    0.8424     0.499   0.05614   0.08989   0.01822
     24/49       12G   0.03253   0.03716  0.004403   0.07409       225       640    0.8002    0.8938    0.8699     0.461   0.05442     0.092   0.01674
     25/49       12G   0.03399   0.04182   0.00433   0.08014       220       640    0.8911    0.7804    0.8912    0.5941   0.05093   0.07989   0.01477
     26/49       12G   0.03648   0.04506  0.004718   0.08626       362       640    0.6652    0.8203     0.819    0.4896   0.06236    0.0751   0.01531
     27/49       12G   0.02976   0.04038  0.003786   0.07392       296       640    0.8754    0.8733    0.9104    0.5537   0.05464   0.08421   0.01502
     28/49       12G   0.03005   0.03583  0.003691   0.06957       382       640    0.9119    0.8611    0.9358    0.6043   0.05255   0.08681   0.01378
     29/49       12G   0.03472   0.04142  0.003858   0.07999       381       640    0.7279      0.73    0.8147    0.4446   0.07133    0.0793   0.01497
     30/49       12G    0.0425   0.03432  0.004804   0.08163       226       640    0.7504    0.7065     0.777    0.3623    0.0704   0.08027   0.01575
     31/49       12G   0.04068   0.03802  0.005608   0.08431       278       640     0.701    0.8175    0.7988    0.4483   0.06307   0.07599   0.01547
     32/49       12G   0.03397   0.03665  0.004841   0.07545       281       640     0.848    0.8823    0.9035    0.5319   0.06265   0.07204    0.0131
     33/49       12G   0.03707   0.04257  0.004882   0.08452       248       640    0.6861    0.8737    0.8216    0.4443   0.06448   0.07093   0.01245
     34/49       12G   0.03748   0.03937  0.004415   0.08127       284       640    0.7033    0.6627    0.7868    0.3732    0.0694   0.07582   0.01292
     35/49       12G   0.03969   0.03868  0.004358   0.08272       122       640    0.5786    0.7369    0.6841    0.3141   0.07446   0.07203    0.0125
     36/49       12G   0.04154   0.03987  0.004791    0.0862       286       640    0.6958    0.8339    0.7915    0.4804     0.074   0.06887   0.01424
     37/49       12G   0.03881   0.03938  0.005334   0.08352       212       640    0.7002    0.8109    0.7721    0.4273   0.06578    0.0803    0.0144
     38/49       12G   0.03419    0.0462  0.004701   0.08509       288       640    0.7138    0.7511      0.83     0.487   0.06763   0.07293   0.01275
     39/49       12G   0.03563   0.03926    0.0045    0.0794       307       640    0.8115    0.8569    0.8913    0.4916   0.06198   0.07164    0.0118
     40/49       12G   0.03328   0.03915  0.004052   0.07647       310       640    0.8924    0.8476    0.9127     0.575   0.05803   0.07152   0.01185
     41/49       12G   0.03103   0.04071  0.004023   0.07576       206       640     0.887    0.8674    0.9139    0.5929   0.05796   0.07336   0.01151
     42/49       12G    0.0316    0.0394  0.003439   0.07444       170       640    0.8546    0.9101    0.9246    0.5767   0.05661   0.07685   0.01127
     43/49       12G   0.03147    0.0391  0.003613   0.07418       293       640    0.8932    0.8796    0.9233    0.5549   0.05568   0.08033   0.01176
     44/49       12G   0.02938   0.03862  0.003112   0.07111       295       640      0.89    0.8831    0.9288     0.601   0.05651   0.07918   0.01201
     45/49       12G   0.02986   0.04229  0.003841   0.07599       285       640    0.8827    0.8999    0.9295     0.622   0.05659   0.07974   0.01225
     46/49       12G   0.02838   0.03585  0.003082   0.06731       205       640    0.8993    0.9038    0.9419    0.6718   0.05438   0.08376   0.01264
     47/49       12G   0.02753   0.03392  0.003035   0.06448       202       640    0.9077    0.8715    0.9279    0.6251   0.05671   0.08615   0.01292
     48/49       12G   0.03187   0.03504  0.003386    0.0703       324       640    0.8963    0.8894    0.9277     0.633    0.0551   0.08909   0.01337
     49/49       12G   0.02955   0.03496  0.003241   0.06774       349       640    0.8905    0.8847    0.9235     0.581    0.0576   0.08984   0.01375
