      0/49     2.23G   0.02705   0.01642  0.004741    0.0482        34       640    0.4218    0.8339    0.5671    0.4336   0.05712   0.02884  0.006806
      1/49     8.97G   0.02742   0.01511  0.004714   0.04724        38       640    0.4394     0.777    0.4891    0.3498   0.05625   0.03043  0.006501
      2/49     10.7G   0.02804   0.01498  0.004773    0.0478        44       640    0.4256    0.7724    0.4917     0.377   0.05724   0.03116  0.006672
      3/49     10.7G   0.02873   0.01582  0.003874   0.04842        55       640    0.4911     0.661    0.4934    0.3515   0.05396   0.03211  0.006239
      4/49     10.7G   0.03081    0.0147  0.003911   0.04942        50       640    0.4425    0.7058    0.4798     0.334    0.0591   0.03262   0.00776
      5/49     10.7G   0.03393   0.01311  0.005231   0.05227        61       640    0.4132    0.5627    0.5111    0.2984   0.06036   0.03233  0.007503
      6/49     10.7G   0.03502   0.01521  0.004148   0.05437        45       640    0.3477    0.8443    0.4898    0.2975   0.06655   0.02998  0.007375
      7/49     10.7G   0.03749     0.015  0.004923   0.05741        18       640    0.4661    0.4887    0.4525    0.2765    0.0676   0.03099  0.008531
      8/49     10.7G   0.03642    0.0138  0.004373   0.05459        95       640    0.4052    0.5319    0.4197    0.2176   0.07123   0.03124  0.009845
      9/49     10.7G   0.03883   0.01436  0.006204   0.05939        40       640    0.5593    0.6121    0.5363    0.3626   0.06235   0.03319  0.006951
     10/49     10.7G   0.03956   0.01401  0.005832    0.0594        66       640    0.5713    0.5952    0.5284    0.2872   0.07405    0.0311  0.009217
     11/49     10.7G    0.0428   0.01328  0.005675   0.06176        64       640    0.6625    0.4479    0.5269     0.314    0.0867   0.02602  0.009958
     12/49     10.7G   0.05309    0.0131  0.007504    0.0737        46       640    0.3776    0.6137    0.4181    0.2373   0.08232   0.02799   0.01157
     13/49     10.7G   0.04681   0.01398  0.009372   0.07016        31       640    0.3603    0.5109    0.4064    0.1704   0.08797   0.02454   0.01082
     14/49     10.7G   0.04761   0.01343  0.009068    0.0701       121       640    0.2835    0.4958    0.3143    0.1651   0.08736   0.02824   0.01578
     15/49     10.7G   0.04298   0.01289  0.007479   0.06335        15       640    0.2806    0.5633    0.3428    0.1675   0.09583   0.02839   0.01447
     16/49     10.7G   0.05066   0.01387     0.014   0.07853        28       640    0.5173    0.2033    0.1505   0.07298    0.1033   0.02943   0.03377
     17/49     10.7G   0.05749   0.01631   0.01858   0.09238        37       640 0.0006506     0.031  3.48e-05 5.556e-06    0.1274    0.3528    0.2598
     18/49     10.7G    0.0733   0.01544   0.02542    0.1142        27       640         0         0         0         0    0.1328    0.1203     2.634
     19/49     10.7G   0.08563   0.01356   0.02724    0.1264        82       640         0         0         0         0       nan       nan       nan
     20/49     10.7G   0.07653   0.01315   0.02273    0.1124        71       640    0.3393  0.007194 0.0002202 3.392e-05    0.1179   0.03521   0.03001
     21/49     10.7G   0.07104   0.01461   0.02222    0.1079        55       640  0.006125    0.1266  0.001997 0.0004055    0.1147   0.04314   0.09727
     22/49     10.7G   0.07343   0.01424   0.01798    0.1056       134       640  0.001188   0.02398 9.869e-05  2.84e-05     0.128    0.1155     2.344
     23/49     10.7G   0.06498   0.01468   0.01539   0.09505        22       640  0.007602   0.09078  0.001703   0.00042    0.1177   0.04166    0.1389
     24/49     10.7G   0.06095   0.01301   0.01544    0.0894        12       640   0.06931    0.2366   0.02616  0.006222    0.1066   0.03646   0.02022
     25/49     10.7G   0.06813   0.01638   0.01628    0.1008       124       640    0.4269    0.1174   0.03241  0.009493    0.1069   0.03373   0.01744
     26/49     10.7G   0.06695   0.01318   0.01505   0.09517        23       640    0.1762    0.2416    0.1012   0.01607     0.108   0.03108    0.0191
     27/49     10.7G   0.06373   0.01467   0.01361   0.09201        75       640    0.1044    0.3275   0.06052   0.01264    0.1063   0.03117   0.02048
     28/49     10.7G   0.06551   0.01561   0.01667   0.09779        34       640      0.49   0.08718   0.03892   0.01044     0.109    0.0305   0.02747
     29/49     10.7G   0.06341   0.01555   0.01586   0.09482        31       640     0.708   0.03597   0.01253   0.00315    0.1118   0.03258   0.01824
     30/49     10.7G   0.06429   0.01548    0.0154   0.09516        90       640    0.1704    0.1072    0.0413   0.01503    0.1083    0.0315   0.02835
     31/49     10.7G   0.06624   0.01479   0.01464   0.09566        67       640    0.6519    0.1053   0.05532   0.02452    0.1032   0.03481   0.01771
     32/49     10.7G    0.0639   0.01662   0.01513   0.09565       142       640    0.5081    0.1605   0.03714    0.0124     0.105   0.03676   0.02142
     33/49     10.7G   0.06413   0.01628   0.01546   0.09587        28       640   0.04744   0.08145   0.01122  0.003681    0.1093   0.05248   0.04745
     34/49     10.7G   0.07611   0.01612   0.01816    0.1104        49       640   0.02513   0.05738  0.002867 0.0008744    0.1222    0.1713    0.5012
     35/49     10.7G   0.07107   0.01566   0.01665    0.1034        76       640    0.6979   0.05036   0.01087  0.003246    0.1074   0.06522   0.02596
     36/49     10.7G   0.06565   0.01573   0.01427   0.09565       110       640    0.7148   0.05516   0.01623  0.005089     0.107   0.04051   0.02023
     37/49     10.7G   0.06529    0.0161   0.01512   0.09651        63       640   0.02347   0.06715   0.01067  0.002796    0.1071   0.03769   0.03302
     38/49     10.7G   0.07008   0.01528   0.01439   0.09975        65       640   0.02996   0.07674   0.01408  0.004747      0.11   0.03402   0.05054
     39/49     10.7G   0.06917   0.01592   0.01531    0.1004       104       640    0.7121   0.06235   0.02146  0.006848     0.109   0.03402    0.1078
     40/49     10.7G   0.06777   0.01505   0.01484   0.09766        62       640   0.04625   0.05755   0.01507    0.0053    0.1096   0.03237   0.07782
     41/49     10.7G   0.06922   0.01632   0.01528    0.1008       112       640    0.3648   0.07194   0.01354  0.003576    0.1094   0.03167   0.03985
     42/49     10.7G   0.06768   0.01566   0.01562   0.09896        44       640      0.71   0.04796   0.01627  0.004297    0.1091   0.03267   0.02606
     43/49     10.7G   0.06817   0.01578   0.01586   0.09981       119       640    0.7459   0.02392   0.01422  0.003298    0.1096   0.03293    0.0251
     44/49     10.7G    0.0654   0.01509   0.01418   0.09467         9       640    0.6608    0.1342    0.0358   0.01337    0.1084   0.03275     0.025
     45/49     10.7G   0.06802   0.01528   0.01512   0.09843        86       640    0.7112   0.08873   0.02628  0.008177    0.1069   0.03311   0.02578
     46/49     10.7G   0.06548   0.01377   0.01421   0.09346        90       640    0.7212   0.05755   0.02378  0.008096    0.1052   0.03286   0.02498
     47/49     10.7G   0.06535    0.0154   0.01486    0.0956       100       640    0.7317   0.05995    0.0242  0.007704    0.1054   0.03361   0.02123
     48/49     10.7G   0.06543   0.01478   0.01374   0.09396        24       640    0.7202   0.05516   0.01832  0.005628    0.1068    0.0313   0.01978
     49/49     10.7G   0.06903   0.01374   0.01542   0.09818        32       640    0.7217   0.05516   0.02471  0.006467    0.1072   0.03086   0.02071
