      0/49      1.8G   0.03506    0.0263    0.0347   0.09606        34       640     0.341    0.5653    0.3436    0.2509   0.05118   0.04545   0.02673
      1/49     10.4G   0.03411   0.02103   0.01473   0.06987        38       640    0.3432     0.551    0.3354    0.2109   0.05577   0.04395   0.02373
      2/49     12.2G   0.03408     0.019  0.009391   0.06246        44       640     0.224    0.5914    0.2759    0.1502   0.06278   0.03995   0.02642
      3/49     12.2G   0.03683   0.01871  0.006852   0.06239        55       640    0.2933    0.6214    0.3008    0.1523   0.06175   0.04172   0.01908
      4/49     12.2G   0.04001   0.01662  0.006594   0.06322        50       640    0.4577    0.4428    0.3689     0.199   0.05889   0.03918   0.01705
      5/49     12.2G   0.03945   0.01537  0.007151   0.06197        61       640    0.3447    0.4556    0.3487    0.1754   0.06641   0.03559   0.01311
      6/49     12.2G   0.03841   0.01773  0.006308   0.06245        45       640    0.5257    0.6558    0.5302    0.3161   0.06165     0.038   0.01323
      7/49     12.2G   0.04042   0.01766  0.006825   0.06491        18       640    0.5662    0.3571    0.3548    0.2094   0.06129   0.03871   0.01592
      8/49     12.2G    0.0398   0.01622  0.005788   0.06181        95       640    0.3791     0.396     0.335     0.201   0.06278   0.03971    0.0172
      9/49     12.2G   0.04388   0.01642  0.007505    0.0678        40       640    0.3718    0.4603    0.4164    0.2419   0.07139   0.03883   0.01417
     10/49     12.2G   0.04575   0.01632  0.008348   0.07041        66       640    0.4373    0.3458    0.3486     0.222   0.07931   0.03808   0.01517
     11/49     12.2G   0.04638   0.01498    0.0094   0.07076        64       640    0.1727    0.3242    0.1534   0.03845    0.1005   0.02579   0.01747
     12/49     12.2G   0.05704   0.01604   0.01535   0.08843        46       640  0.009228   0.01679   0.00148  0.000267    0.1096   0.05167   0.04603
     13/49     12.2G   0.06509   0.01818   0.01994    0.1032        31       640  0.009853    0.0835  0.002205 0.0005531     0.109   0.05385   0.03286
     14/49     12.2G   0.06268   0.01734   0.01855   0.09857       121       640   0.02412   0.05036  0.007799   0.00238    0.1003   0.03897   0.03119
     15/49     12.2G   0.06049    0.0161   0.01453   0.09113        15       640    0.3821   0.05276   0.01763  0.006594   0.09979   0.03807   0.02766
     16/49     12.2G   0.05553   0.01727   0.01531   0.08811        28       640    0.1446    0.2937    0.0626   0.02779   0.09458   0.03548   0.01969
     17/49     12.2G   0.05683   0.01754   0.01611   0.09048        37       640    0.3879   0.03806   0.01207  0.003115    0.1065    0.0421   0.02332
     18/49     12.2G   0.06437   0.01718   0.01882    0.1004        27       640    0.3569  0.002398 0.0002521 3.009e-05    0.1313   0.03585    0.0415
     19/49     12.2G   0.07188   0.01703   0.01984    0.1087        82       640    0.6876   0.02158  0.004616  0.001936    0.1127   0.03752   0.02434
     20/49     12.2G   0.07075   0.01567   0.01841    0.1048        71       640   0.02183    0.1673   0.01084  0.002002    0.1109   0.03804   0.03071
     21/49     12.2G   0.07214   0.01655   0.02072    0.1094        55       640    0.6877   0.02878  0.005997  0.002144    0.1118     0.034   0.02558
     22/49     12.2G   0.06936   0.01644    0.0179    0.1037       134       640    0.6673  0.004796 4.709e-05 8.464e-06    0.1275   0.08145    0.2249
     23/49     12.2G   0.08018   0.01591   0.01816    0.1142        22       640  0.002982   0.03589 0.0005833 0.0002833    0.1181   0.05605   0.09789
     24/49     12.2G   0.07467   0.01314   0.01783    0.1056        12       640   0.01726   0.02869  0.002485 0.0005108    0.1157   0.03329    0.0196
     25/49     12.2G   0.07196   0.01691   0.01735    0.1062       124       640    0.3345   0.01439 0.0001295 1.794e-05    0.1108   0.04229   0.03957
     26/49     12.2G   0.07526   0.01393   0.01795    0.1071        23       640     0.668  0.002398 7.134e-05 2.326e-05    0.1088   0.03457   0.02048
     27/49     12.2G   0.07244   0.01595   0.01791    0.1063        75       640  0.005122  0.004796 0.0004707 0.0001283    0.1119   0.03764    0.1065
     28/49     12.2G   0.07042   0.01743   0.01856    0.1064        34       640  0.009076    0.1891  0.005316  0.001224    0.1066   0.04047   0.01974
     29/49     12.2G   0.06565   0.01653   0.01682     0.099        31       640    0.3529   0.03597  0.007427  0.002044    0.1036   0.03588   0.01564
     30/49     12.2G   0.06487   0.01621   0.01666   0.09774        90       640    0.6897   0.06235   0.01171  0.003112    0.1031   0.03594   0.01489
     31/49     12.2G   0.06903    0.0159   0.01685    0.1018        67       640    0.7044     0.026   0.01114  0.003362    0.1008   0.03628    0.0152
     32/49     12.2G   0.06577   0.01786   0.01659    0.1002       142       640    0.4398    0.1198   0.02034  0.005475   0.09929   0.03633   0.01526
     33/49     12.2G    0.0646   0.01727   0.01698   0.09885        28       640    0.7216   0.04556   0.02495  0.006181   0.09899   0.03614   0.01542
     34/49     12.2G   0.06083    0.0178   0.01619   0.09481        49       640    0.7096   0.07914   0.03632   0.01058   0.09706   0.03588   0.01513
     35/49     12.2G   0.06304   0.01712   0.01673    0.0969        76       640    0.7328   0.06231   0.03957   0.01195   0.09753   0.03578   0.01541
     36/49     12.2G   0.05827   0.01728   0.01519   0.09074       110       640    0.4108    0.1605   0.04185   0.01138   0.09585   0.03641    0.0155
     37/49     12.2G   0.06177   0.01814   0.01594   0.09584        63       640    0.4582    0.1675   0.05136   0.01501   0.09794    0.0343   0.01559
     38/49     12.2G    0.0595   0.01719   0.01513   0.09182        65       640   0.07559    0.1866   0.03363  0.008559    0.1067   0.04994    0.0981
     39/49     12.2G   0.06279   0.01795   0.01669   0.09743       104       640    0.3332    0.2247    0.1074   0.02688    0.1015   0.04051    0.2946
     40/49     12.2G   0.06063   0.01704   0.01479   0.09245        62       640      0.36    0.2439    0.1111   0.03623     0.097   0.03622    0.1037
     41/49     12.2G   0.05511   0.01834   0.01464   0.08809       112       640    0.2909    0.3012     0.131   0.04519   0.09695   0.03427   0.03631
     42/49     12.2G   0.05914    0.0182    0.0153   0.09264        44       640    0.1685    0.3012    0.1444   0.04512   0.09404   0.03521   0.02569
     43/49     12.2G   0.05602   0.01789   0.01527   0.08918       119       640    0.4815    0.1939   0.08985   0.03738   0.09416   0.03504   0.01578
     44/49     12.2G   0.05548   0.01723   0.01427   0.08698         9       640    0.5134    0.2058   0.08801   0.03583   0.09431   0.03405   0.01575
     45/49     12.2G   0.05577   0.01713   0.01489   0.08778        86       640    0.4528    0.2273   0.08553   0.02915   0.09242    0.0348   0.01581
     46/49     12.2G   0.05808    0.0159   0.01503     0.089        90       640    0.4455    0.2273   0.07955   0.02823   0.09248   0.03455   0.01599
     47/49     12.2G   0.05679   0.01757   0.01501   0.08936       100       640    0.4891    0.2076   0.07873   0.02958   0.09156   0.03463   0.01599
     48/49     12.2G   0.05752   0.01683   0.01367   0.08802        24       640    0.4968    0.2065   0.08387   0.03152   0.09096    0.0349   0.01606
     49/49     12.2G   0.05675   0.01617    0.0148   0.08773        32       640    0.4402    0.2202   0.07352   0.02758   0.09236   0.03666   0.02171
