      0/49     1.99G   0.02714   0.01638  0.004726   0.04825        34       640    0.4374    0.8417    0.5492    0.4206   0.05707   0.02879  0.006708
      1/49     7.26G   0.02816   0.01511  0.004736     0.048        38       640    0.4374    0.7963     0.483    0.3507   0.05725   0.03029  0.006585
      2/49        9G   0.02939   0.01494  0.004781   0.04912        44       640    0.4099    0.7606     0.478    0.3473   0.05628   0.03163  0.006782
      3/49        9G   0.03058    0.0157  0.004123   0.05041        55       640    0.4007    0.8153    0.4974    0.3484   0.05666     0.032  0.007216
      4/49     9.02G   0.03394   0.01453  0.004436   0.05291        50       640    0.4116    0.7701    0.4802    0.3311   0.06586   0.03051  0.009086
      5/49     9.02G   0.03614   0.01314  0.006073   0.05535        61       640    0.3504    0.6873    0.4702    0.2429   0.07096   0.02986  0.007996
      6/49     9.02G   0.03664    0.0151  0.005213   0.05695        45       640    0.4627    0.7107    0.6183    0.4365   0.07199   0.02762  0.007286
      7/49     9.02G    0.0404   0.01499  0.006031   0.06142        18       640    0.5118    0.5145    0.5017    0.3247   0.07341    0.0286  0.007871
      8/49     9.02G   0.03816   0.01382  0.004397   0.05637        95       640    0.3888    0.5152    0.3962    0.2389   0.06842   0.03212  0.008732
      9/49     9.02G   0.03874   0.01442  0.005311   0.05847        40       640    0.4181    0.4769    0.4304    0.2033   0.07272   0.03026  0.006892
     10/49     9.02G   0.03965   0.01431  0.005856   0.05981        66       640    0.4282    0.6042    0.5069    0.3138   0.08264    0.0357   0.00684
     11/49     9.02G   0.04663   0.01405   0.00616   0.06684        64       640    0.3857    0.5985    0.4309    0.2835   0.08164   0.03029   0.01375
     12/49     9.02G   0.05689   0.01305   0.01157   0.08151        46       640    0.3524    0.3542     0.274    0.1592   0.09682    0.0269   0.01488
     13/49     9.02G   0.05363   0.01356   0.01481   0.08201        31       640    0.6721    0.1094    0.1007   0.06711    0.1043   0.04176   0.03039
     14/49     9.02G   0.05839   0.01405   0.01467   0.08712       121       640    0.5595    0.1053   0.06203    0.0123    0.1106   0.04595   0.02799
     15/49     9.02G   0.06075   0.01379   0.01706    0.0916        15       640    0.7404  0.007194  0.002405  0.001182    0.1196   0.04636   0.08733
     16/49     9.02G   0.05979   0.01554   0.01556    0.0909        28       640    0.2047    0.3085   0.09616   0.03612   0.09807   0.03184   0.01762
     17/49     9.02G   0.05695   0.01584   0.01344   0.08623        37       640    0.6232    0.2867    0.2228    0.1008   0.09205   0.03026   0.01603
     18/49     9.02G   0.05412   0.01611     0.014   0.08423        27       640    0.5141    0.2218     0.145   0.05418   0.09251   0.03123   0.01497
     19/49     9.02G   0.06037   0.01576   0.01397    0.0901        82       640    0.4947    0.2653    0.1383   0.05727   0.09249   0.03105   0.01453
     20/49     9.02G   0.05644   0.01424   0.01381   0.08448        71       640    0.4449    0.2532   0.09071   0.02707   0.09837   0.02693   0.01673
     21/49     9.02G   0.05146   0.01504   0.01223   0.07872        55       640    0.5319    0.2727    0.1993   0.08904   0.08979   0.02937   0.01633
     22/49     9.02G   0.05195   0.01577   0.01114   0.07887       134       640    0.2565    0.4896    0.2521     0.109   0.08526   0.02937   0.01305
     23/49     9.02G   0.05128   0.01495   0.01256    0.0788        22       640    0.1941    0.4726    0.2259   0.08447   0.09154   0.03023   0.02005
     24/49     9.02G   0.04584   0.01381   0.01043   0.07008        12       640     0.353    0.3985    0.2891    0.1097   0.08938   0.03156   0.02491
     25/49     9.02G   0.05362    0.0172   0.01081   0.08164       124       640    0.2851    0.5157    0.2961    0.1357   0.08281   0.03133   0.01304
     26/49     9.02G   0.05163   0.01399   0.01017   0.07579        23       640    0.5746     0.263    0.1917     0.072    0.0904   0.03098   0.01344
     27/49     9.02G   0.05239   0.01416   0.01122   0.07777        75       640    0.2212    0.2936     0.164    0.0683   0.08948   0.03599   0.01495
     28/49     9.02G   0.06109   0.01572   0.01275   0.08957        34       640    0.2373     0.415    0.2179    0.1003    0.0934   0.02797    0.0144
     29/49     9.02G   0.04799   0.01551   0.01348   0.07698        31       640    0.5505    0.3635    0.2725    0.1109   0.08461    0.0327   0.01568
     30/49     9.02G   0.04896   0.01594   0.01246   0.07736        90       640    0.5946    0.3507    0.2863    0.1392   0.08008   0.03537    0.0146
     31/49     9.02G   0.05848   0.01563    0.0104    0.0845        67       640    0.6429    0.2983    0.2498    0.1208   0.08542   0.03689   0.01525
     32/49     9.02G   0.05771   0.01875   0.01302   0.08948       142       640    0.5935    0.3109    0.2304    0.1038   0.08864   0.03466   0.01834
     33/49     9.02G   0.05267   0.01701   0.01304   0.08272        28       640    0.2612    0.2578    0.1988   0.07707    0.0858   0.03633   0.01525
     34/49     9.02G   0.05492   0.01713   0.01316   0.08521        49       640    0.2084    0.3247    0.2213    0.1188   0.08341   0.03668   0.03267
     35/49     9.02G   0.05649   0.01673   0.01579   0.08901        76       640    0.2652    0.3535    0.2429     0.126   0.07895   0.03704   0.01396
     36/49     9.02G     0.049    0.0174   0.01344   0.07984       110       640   0.08918    0.1435   0.05252   0.02299   0.09036   0.04791   0.01768
     37/49     9.02G   0.05375   0.01806   0.01298   0.08479        63       640    0.5321    0.2607    0.1793   0.09216   0.08101   0.04101   0.01413
     38/49     9.02G   0.05494   0.01742   0.01421   0.08657        65       640     0.383   0.02878   0.01256   0.00444    0.1014   0.05386    0.2459
     39/49     9.02G   0.05654   0.01801   0.01377   0.08832       104       640    0.4484     0.165   0.05989   0.02734   0.08743    0.0413   0.02121
     40/49     9.02G   0.05455   0.01698   0.01336   0.08489        62       640    0.1227    0.3514    0.1039   0.04457   0.08533   0.03889   0.01669
     41/49     9.02G   0.05143    0.0187   0.01272   0.08286       112       640    0.4642    0.2869    0.1362   0.05792   0.07857   0.03992   0.01472
     42/49     9.02G   0.05182   0.01824   0.01243   0.08249        44       640     0.158    0.3908    0.1736   0.08583    0.0754   0.03894   0.01355
     43/49     9.02G   0.05134   0.01798   0.01224   0.08156       119       640    0.1967    0.5279     0.213    0.1149   0.07747   0.03664   0.01358
     44/49     9.02G   0.04368   0.01737   0.01068   0.07173         9       640    0.2079     0.406    0.2383    0.1303   0.07569   0.03719   0.01287
     45/49     9.02G   0.04669   0.01682   0.01179    0.0753        86       640    0.6021     0.296    0.2584    0.1428   0.07331   0.03827   0.01289
     46/49     9.02G   0.04948   0.01631   0.01101    0.0768        90       640    0.6593    0.2623    0.2692    0.1637   0.07267   0.03873   0.01252
     47/49     9.02G   0.04388    0.0181    0.0115   0.07348       100       640    0.5728     0.366     0.287      0.17   0.06955   0.03875   0.01251
     48/49     9.02G   0.04384   0.01712   0.01089   0.07186        24       640     0.578    0.3726    0.2917    0.1749   0.06893   0.03889   0.01251
     49/49     9.02G   0.04225   0.01653   0.01076   0.06954        32       640    0.6508    0.2936    0.2962    0.1795   0.07058   0.03844   0.01223
