      0/49      9.8G   0.03472   0.03453   0.03759    0.1068       148       640    0.5879    0.5074    0.5672    0.3732   0.04814   0.05791   0.03147
      1/49     9.73G   0.03445   0.03296   0.02405   0.09146       149       640    0.5443    0.5357    0.5533    0.3628   0.04738   0.05497   0.03387
      2/49     10.4G    0.0324   0.02933   0.01639   0.07813       153       640    0.5786     0.558    0.5714    0.3678   0.04942   0.05262   0.03323
      3/49     10.4G   0.03129   0.02597   0.01065   0.06791       171       640    0.7066    0.5801    0.6218    0.4011   0.04852   0.05074   0.03306
      4/49     10.4G   0.03304   0.02612  0.008234    0.0674       166       640    0.7238    0.5858    0.6503    0.4199   0.05039   0.04932   0.03179
      5/49     10.4G   0.03162   0.02464  0.007274   0.06353       208       640    0.7382    0.6428    0.6932      0.46   0.05107   0.04953   0.02805
      6/49     10.4G   0.03255   0.02398  0.007057   0.06359       142       640    0.7229    0.5713    0.6477    0.4085   0.04821   0.04931   0.02964
      7/49     10.4G   0.03267   0.02191   0.00569   0.06026       173       640    0.5446     0.567    0.5494    0.2318   0.06348   0.04558   0.02852
      8/49     10.4G   0.04315   0.02183  0.005644   0.07062       182       640    0.6401    0.6417    0.5997    0.3209   0.05553   0.04811   0.02383
      9/49     10.4G   0.03836   0.02443   0.00652   0.06931       249       640    0.6511    0.6453    0.6676    0.3506   0.05006   0.04835   0.01961
     10/49     10.4G   0.03467   0.02098   0.00564   0.06129       228       640    0.6978    0.6012      0.67    0.3642   0.05327   0.04761   0.01847
     11/49     10.4G   0.03753   0.02299  0.005556   0.06607        87       640    0.5512    0.7426    0.6695    0.4242   0.05705   0.04467   0.02122
     12/49     10.4G   0.03654   0.02098  0.005399   0.06292       235       640    0.7144    0.5997    0.7178    0.4211   0.05932   0.04465   0.02073
     13/49     10.4G   0.03742   0.02386  0.006089   0.06737       138       640    0.6735    0.7673    0.7752     0.428   0.06072   0.04263   0.02234
     14/49     10.4G   0.03798   0.02131  0.005272   0.06456       186       640    0.7588    0.7957    0.8066    0.5072   0.05904   0.04545   0.02114
     15/49     10.4G   0.04016   0.02153  0.005585   0.06727       152       640    0.6517    0.8155    0.7559    0.3552   0.06346   0.04357   0.02011
     16/49     10.4G   0.03721   0.02126  0.005277   0.06374       209       640    0.7512    0.7783    0.7705    0.3959   0.05991    0.0444      0.02
     17/49     10.4G   0.03523   0.02113  0.005193   0.06155       161       640    0.7941    0.8015    0.8215    0.4953   0.05715   0.04276    0.0179
     18/49     10.4G   0.03889   0.02021  0.005166   0.06426       243       640    0.7583     0.656    0.7104    0.2952   0.06336   0.04184   0.01911
     19/49     10.4G   0.03681   0.02084  0.004893   0.06255        71       640    0.9008    0.7321     0.835    0.5076   0.06023   0.04205   0.02017
     20/49     10.4G   0.03611   0.02224  0.005237   0.06359       264       640     0.854    0.8151     0.847    0.5785    0.0537   0.04467   0.02006
     21/49     10.4G   0.03627   0.02286  0.004682   0.06381        99       640    0.8236    0.7426    0.7936    0.4334   0.05699   0.04314   0.02064
     22/49     10.4G   0.03537   0.02161  0.004485   0.06147       256       640    0.8613    0.7887    0.8593    0.5364   0.05426   0.04502    0.0174
     23/49     10.4G   0.03994   0.02107   0.00465   0.06566       149       640    0.7455    0.7381    0.7844    0.4245   0.06176    0.0434   0.01884
     24/49     10.4G   0.03895   0.02161  0.005665   0.06622       262       640    0.8695    0.7014    0.8219    0.4905   0.05503   0.04465   0.02034
     25/49     10.4G   0.03686   0.02286  0.004984   0.06471       208       640    0.7759    0.7039    0.7919    0.4111   0.06169   0.03964   0.01998
     26/49     10.4G    0.0477   0.01916  0.005008   0.07187       239       640    0.7251    0.6689    0.7342    0.4964   0.06528   0.03867   0.01779
     27/49     10.4G   0.04381   0.01975  0.005791   0.06935       139       640    0.6919    0.7073    0.6835    0.3119   0.08049   0.03217   0.01387
     28/49     10.4G   0.04394   0.01969   0.00614   0.06977       175       640    0.7283    0.7541    0.7565    0.3388   0.08092   0.03117   0.01214
     29/49     10.4G   0.04062   0.01866  0.005178   0.06446       146       640    0.7517    0.7783    0.7973    0.4463   0.07728   0.03167   0.01084
     30/49     10.4G   0.04081   0.01827  0.004974   0.06406       182       640    0.7734    0.7679    0.7993    0.3971   0.07686   0.02961  0.009296
     31/49     10.4G   0.04124   0.01886  0.004886   0.06498       210       640    0.9546    0.7343    0.8365    0.5453   0.07279   0.02999  0.009283
     32/49     10.4G   0.03724   0.01837  0.004904   0.06052       195       640    0.8202    0.6845    0.8024    0.3657   0.07304   0.02987   0.00892
     33/49     10.4G   0.03928   0.01756  0.005685   0.06253       150       640    0.8739    0.7818    0.8482    0.4796   0.06992   0.03078  0.008897
     34/49     10.4G   0.03691   0.02018   0.00467   0.06175       242       640    0.6135    0.7172    0.6985    0.3225   0.06775   0.03361   0.01018
     35/49     10.4G   0.03567   0.02028  0.004316   0.06027       162       640    0.8699    0.8061    0.8565    0.4749   0.06523   0.03357  0.009144
     36/49     10.4G   0.03508   0.01917  0.004986   0.05924       244       640    0.8811     0.802    0.8633    0.6082   0.06084   0.03391  0.008832
     37/49     10.4G   0.03449   0.01883  0.004879    0.0582       129       640    0.8785    0.7916    0.8521    0.5085   0.06293   0.03397  0.009786
     38/49     10.4G   0.03454   0.01846  0.005289   0.05828       243       640    0.9611    0.7656    0.8731    0.4807   0.06704   0.03386   0.00978
     39/49     10.4G   0.03932   0.01843  0.005121   0.06288       123       640     0.737    0.7046    0.7309    0.4204   0.07053   0.03401   0.01065
     40/49     10.4G   0.03671    0.0202  0.005001   0.06191       187       640    0.8343    0.8021    0.8451     0.522   0.06462   0.03485   0.01076
     41/49     10.4G   0.03316   0.01898  0.004241   0.05638       189       640    0.8956    0.8155    0.8672    0.5553   0.06517   0.03372  0.009763
     42/49     10.4G   0.03174   0.02096  0.003558   0.05626       176       640     0.928    0.8021    0.8605     0.563   0.06441   0.03253  0.009535
     43/49     10.4G   0.03329    0.0194  0.004063   0.05674       208       640    0.9057    0.7963    0.8411    0.4533   0.06611   0.03266  0.009629
     44/49     10.4G   0.03223   0.02038   0.00412   0.05673       136       640    0.8789    0.8185    0.8568    0.4998   0.06205    0.0335  0.009466
     45/49     10.4G   0.03076   0.01879  0.003762   0.05332       146       640    0.9531    0.8243    0.8708    0.6252    0.0568   0.03435  0.009412
     46/49     10.4G    0.0301    0.0188  0.003303    0.0522       230       640    0.9198    0.8156    0.8742    0.5866   0.05831   0.03365   0.00921
     47/49     10.4G   0.03122   0.01713  0.003458   0.05181       197       640    0.9195    0.8213    0.8738    0.5825   0.05756   0.03397  0.008974
     48/49     10.4G   0.02942   0.01771  0.003241   0.05037       169       640    0.9227    0.8202    0.8743    0.6013   0.05726   0.03471  0.009206
     49/49     10.4G   0.02893   0.01816  0.003691   0.05079       180       640    0.9242    0.8161    0.8697     0.567   0.05747   0.03543  0.009467
