      0/49     2.03G   0.02715   0.01639  0.004745   0.04828        34       640    0.4971    0.6749    0.5266    0.4009   0.05688   0.02884   0.00684
      1/49     10.2G   0.02803   0.01512  0.004714   0.04786        38       640    0.4214    0.8037    0.4785    0.3279   0.06118   0.02956  0.006814
      2/49     11.9G    0.0295   0.01489  0.004811    0.0492        44       640    0.4275    0.7917    0.4938    0.3701   0.05611   0.03164  0.006955
      3/49     11.9G    0.0298   0.01568  0.004071   0.04955        55       640    0.3797     0.855     0.453    0.3041   0.06265   0.03088  0.007618
      4/49     11.9G   0.03338   0.01433  0.004238   0.05194        50       640    0.3605    0.7537     0.464    0.3066   0.06699   0.02969   0.01029
      5/49     11.9G    0.0354   0.01302  0.004773   0.05319        61       640    0.4289    0.5128     0.496    0.3298   0.06405   0.03197  0.007418
      6/49     11.9G   0.03429   0.01545  0.004727   0.05446        45       640    0.5841    0.4672    0.5437    0.3354   0.06067   0.03194   0.01088
      7/49     11.9G   0.03532   0.01539   0.00486   0.05557        18       640    0.4583     0.505    0.4345    0.2615    0.0649   0.03284  0.007349
      8/49     11.9G   0.03683   0.01408  0.004575   0.05548        95       640    0.4144    0.6179     0.457    0.3089   0.07585   0.03089  0.008038
      9/49     11.9G   0.04111   0.01441  0.007329   0.06285        40       640    0.5256    0.4049    0.4364    0.2541   0.08279   0.03173   0.01111
     10/49     11.9G   0.04409   0.01428  0.006716   0.06509        66       640    0.4958    0.3825    0.3996     0.215   0.08324   0.03389   0.01021
     11/49     11.9G    0.0442   0.01364  0.006583   0.06442        64       640    0.4413    0.4147    0.3877    0.1575   0.08494   0.02882  0.008953
     12/49     11.9G    0.0534   0.01415   0.01003   0.07757        46       640    0.5496    0.3914    0.4209    0.2141    0.0855   0.02855    0.0126
     13/49     11.9G   0.05323   0.01448   0.01014   0.07785        31       640    0.4065    0.4855    0.4026     0.189   0.09302   0.02536   0.01146
     14/49     11.9G   0.05256    0.0139   0.01059   0.07705       121       640    0.5516    0.3269    0.2898   0.09815    0.0869   0.02661    0.0123
     15/49     11.9G   0.04642   0.01303  0.008432   0.06789        15       640    0.3579    0.4605    0.2872    0.1462    0.0845   0.02945   0.01566
     16/49     11.9G   0.05139   0.01351   0.01199   0.07689        28       640    0.2009    0.3341    0.2645    0.1345   0.09047   0.03094   0.01531
     17/49     11.9G   0.05336   0.01606   0.01194   0.08135        37       640    0.1946    0.1739   0.06887   0.02722    0.1043   0.04092   0.02807
     18/49     11.9G    0.0538   0.01608   0.01493    0.0848        27       640   0.04289   0.03837   0.01392  0.004596    0.1194   0.06267   0.07622
     19/49     11.9G   0.05939   0.01479   0.01807   0.09224        82       640    0.1416    0.2985    0.1105   0.03881   0.09908    0.0332   0.02092
     20/49     11.9G   0.05425   0.01381   0.01412   0.08217        71       640     0.177    0.2388    0.1582   0.03418   0.09522    0.0312   0.01788
     21/49     11.9G   0.05672   0.01558   0.01468   0.08698        55       640    0.1283    0.2633   0.08998   0.03089   0.09054   0.03266   0.01754
     22/49     11.9G    0.0545   0.01475   0.01178   0.08103       134       640    0.3442     0.284     0.175   0.07314   0.09532   0.03825   0.05545
     23/49     11.9G   0.05437   0.01511   0.01103   0.08052        22       640    0.3664     0.393    0.2494    0.1241   0.09504   0.02952    0.0144
     24/49     11.9G   0.06027   0.01287   0.01991   0.09305        12       640   0.01333  0.002398 0.0001753 0.0001227     0.125   0.08796    0.6182
     25/49     11.9G   0.06249   0.01793   0.01391   0.09433       124       640    0.7183   0.05516   0.02634  0.008208    0.1028   0.04518   0.04305
     26/49     11.9G    0.0708   0.01442   0.01851    0.1037        23       640    0.7507   0.05276    0.0381    0.0143    0.1001   0.03972   0.03175
     27/49     11.9G   0.06342     0.016   0.01733   0.09675        75       640   0.08342    0.1222   0.04993   0.01894    0.1026   0.04329   0.01856
     28/49     11.9G    0.0613   0.01666   0.01629   0.09425        34       640    0.4539    0.2056   0.08927   0.03284   0.09767    0.0322   0.01659
     29/49     11.9G   0.05869   0.01631   0.01657   0.09157        31       640   0.09411   0.09584   0.04871   0.01592    0.1061   0.04424    0.1291
     30/49     11.9G   0.05761   0.01517   0.01442   0.08719        90       640    0.1316    0.1193   0.04649   0.01763    0.1031   0.03243   0.01945
     31/49     11.9G   0.05606   0.01555   0.01354   0.08515        67       640    0.2168    0.1836   0.08309   0.02585   0.09592   0.03476   0.01803
     32/49     11.9G   0.05118   0.01716     0.013   0.08135       142       640    0.1289     0.406    0.1289   0.05167   0.09333    0.0321   0.01737
     33/49     11.9G   0.05396   0.01649   0.01284   0.08328        28       640    0.1443    0.2225    0.1575   0.06652   0.09295   0.03136   0.01582
     34/49     11.9G   0.05095   0.01675   0.01262   0.08032        49       640     0.217    0.4707     0.211   0.09903   0.08975   0.03252   0.01524
     35/49     11.9G   0.04995   0.01624   0.01264   0.07883        76       640    0.2037    0.3298    0.2111    0.1135    0.0881   0.03598    0.0154
     36/49     11.9G   0.04872   0.01633   0.01126   0.07631       110       640    0.2802    0.2795    0.2529     0.125   0.08715   0.03328   0.01539
     37/49     11.9G   0.04724   0.01705   0.01062    0.0749        63       640    0.2012    0.3753    0.2388    0.1279   0.08869   0.02992   0.01581
     38/49     11.9G   0.05233   0.01634    0.0122   0.08088        65       640    0.2493    0.3416    0.2143    0.1137   0.08413   0.03446   0.01625
     39/49     11.9G    0.0516   0.01645   0.01135    0.0794       104       640    0.2129    0.3296    0.1468   0.07301   0.09216   0.04548    0.2531
     40/49     11.9G   0.05582   0.01556   0.01272    0.0841        62       640    0.2709    0.2748    0.2183   0.09452   0.09281   0.03983   0.06474
     41/49     11.9G   0.06384   0.01775   0.01765   0.09924       112       640    0.3503   0.04982   0.00455  0.001736    0.1078   0.04341   0.02102
     42/49     11.9G   0.06604   0.01742   0.01668    0.1001        44       640    0.6685   0.01199 0.0002252 6.198e-05    0.1112   0.04596   0.01784
     43/49     11.9G   0.06491   0.01657   0.01489   0.09637       119       640      0.82   0.05755   0.05311   0.02415   0.09774   0.03699   0.01826
     44/49     11.9G   0.05681   0.01651   0.01461   0.08793         9       640    0.3941    0.1295   0.05567   0.02159   0.09742   0.03465   0.04287
     45/49     11.9G   0.05506   0.01664   0.01438   0.08608        86       640    0.3941    0.1103   0.05361   0.02351   0.09517   0.03229   0.01647
     46/49     11.9G   0.05647   0.01577   0.01349   0.08573        90       640    0.4207    0.1486   0.07349   0.03381   0.09261   0.03315   0.01664
     47/49     11.9G   0.05645   0.01734   0.01552   0.08931       100       640    0.7839    0.1127   0.09232   0.04077   0.08995   0.03383   0.01592
     48/49     11.9G   0.05348    0.0166    0.0125   0.08258        24       640    0.7777    0.1199    0.1002   0.04822   0.08796    0.0338   0.01604
     49/49     11.9G   0.05154   0.01586   0.01482   0.08223        32       640    0.1633     0.187    0.1058   0.05015   0.08793   0.03311   0.01592
