      0/49     1.39G   0.03398   0.03808   0.03925    0.1113        13       640    0.5227    0.5631    0.5832    0.3813   0.04521   0.05471   0.02932
      1/49     10.3G   0.03368   0.03459   0.02416   0.09244        19       640    0.6207    0.5569     0.605    0.3888   0.04672   0.05194   0.02879
      2/49       12G   0.03045   0.02859   0.01763   0.07667        19       640    0.5624    0.6063    0.6151    0.3964   0.04725   0.04972   0.02838
      3/49       12G   0.03111   0.02773   0.01065   0.06949        75       640    0.5083    0.7464    0.6402    0.3937   0.04773   0.04704    0.0297
      4/49       12G   0.03128   0.02639  0.008368   0.06604        61       640     0.615    0.6823    0.6696    0.4275   0.04642   0.04633   0.02891
      5/49       12G   0.03154   0.02526  0.008856   0.06565        66       640     0.718    0.5824    0.6936    0.4237   0.04793   0.04574   0.02749
      6/49       12G   0.03268   0.02345  0.008409   0.06454        32       640    0.6067    0.7949    0.7117    0.4334     0.049   0.04462   0.02658
      7/49       12G   0.03154   0.02332  0.006556   0.06142        44       640      0.58    0.7165    0.7236    0.4296   0.04914    0.0446   0.02528
      8/49       12G   0.03873   0.02356  0.006302   0.06858        55       640    0.4322    0.7867    0.5318    0.2607   0.05874    0.0422   0.02613
      9/49     12.1G   0.03993   0.01994  0.006144   0.06601        65       640    0.6824    0.7265    0.7534    0.4631   0.05104    0.0442    0.0225
     10/49     12.1G   0.03477   0.01859  0.004858   0.05821        12       640     0.662    0.7436    0.7399    0.4493   0.05396   0.04302   0.02161
     11/49     12.1G   0.03542   0.02151  0.004951   0.06188        29       640    0.5997    0.7806     0.749     0.457   0.04923   0.04331   0.02108
     12/49     12.1G   0.03553    0.0201  0.005152   0.06078        28       640    0.7263    0.5809    0.7303    0.4303   0.05377   0.04157   0.01971
     13/49     12.1G   0.03495   0.02108  0.005311   0.06134        21       640     0.664    0.6052    0.7002     0.382   0.05637   0.04163   0.01787
     14/49     12.1G   0.03705   0.02042  0.005317   0.06279        25       640    0.6199    0.7648    0.7179    0.3767   0.05297   0.04332   0.01731
     15/49     12.1G   0.03489   0.02286  0.005793   0.06355         7       640    0.6123    0.7208    0.6976    0.3992   0.05197   0.04193   0.01917
     16/49     12.1G    0.0351   0.02008  0.004904   0.06008        48       640    0.7099    0.7798    0.7931    0.4539   0.05313   0.04254   0.01821
     17/49     12.1G   0.03682    0.0204  0.006199   0.06342        52       640    0.8285    0.6355    0.7752    0.4784   0.05496   0.03982   0.01448
     18/49     12.1G   0.03676    0.0217  0.006064   0.06453        60       640    0.6798    0.7439    0.7606    0.4905   0.05241   0.04003   0.01233
     19/49     12.1G   0.03595   0.02158  0.005118   0.06265        57       640    0.6645    0.7407    0.7475    0.4113   0.05484   0.03808   0.01381
     20/49     12.1G   0.03858   0.02209   0.00547   0.06614        89       640    0.6973    0.7958    0.7767    0.4114   0.05581   0.03932   0.01543
     21/49     12.1G   0.03416   0.02226  0.004972    0.0614        37       640    0.6787    0.7585    0.7527    0.4436   0.05426    0.0395   0.01664
     22/49     12.1G   0.03454    0.0224  0.003925   0.06087        45       640    0.6783    0.6923     0.744    0.3974   0.05633   0.03752    0.0155
     23/49     12.1G   0.03605   0.01897  0.004473   0.05949        36       640    0.7509     0.772    0.8189    0.4911   0.05375   0.03931   0.01536
     24/49     12.1G   0.03182   0.01948  0.004219   0.05552        19       640    0.7408    0.7379    0.8024    0.5317   0.05345   0.04112   0.01243
     25/49     12.1G   0.03686   0.02065  0.004925   0.06244        24       640    0.5094    0.5763    0.6043    0.3301   0.06952   0.03475   0.01374
     26/49     12.1G   0.04637   0.02037  0.005031   0.07178        26       640    0.3697    0.6792    0.4372    0.1722   0.07583   0.03412   0.01354
     27/49     12.1G    0.0424   0.02269  0.005755   0.07085        45       640    0.6721     0.593    0.6351     0.292   0.07163   0.03261   0.01117
     28/49     12.1G   0.04051   0.02432  0.005392   0.07022        57       640    0.6251    0.6531    0.6114    0.2671    0.0674    0.0331   0.01047
     29/49     12.1G   0.03951   0.02333  0.004436   0.06727        86       640    0.7089     0.698    0.7628    0.3163   0.06029   0.03268  0.009536
     30/49     12.1G   0.03393   0.02293  0.005038   0.06189        82       640    0.7464    0.7222    0.7711    0.3493   0.05796   0.03303  0.009694
     31/49     12.1G   0.03431   0.02159  0.004323   0.06023        14       640    0.6988    0.7773    0.7945    0.4836   0.04986   0.03324  0.009473
     32/49     12.1G   0.03384   0.02286   0.00444   0.06113        40       640    0.8334    0.7279     0.827    0.5082   0.05624   0.03266  0.009847
     33/49     12.1G   0.03895    0.0213     0.004   0.06425        32       640    0.7995    0.7217    0.8288    0.4665   0.06485    0.0317   0.01024
     34/49     12.1G   0.03841   0.02115  0.005462   0.06502        63       640    0.7349    0.7887    0.7868     0.452   0.05607   0.03563   0.01084
     35/49     12.1G   0.03436     0.021  0.004591   0.05995        78       640    0.7174    0.8013    0.7745    0.4669   0.05297    0.0363   0.01122
     36/49     12.1G   0.03354   0.02452  0.004895   0.06296        44       640    0.7179    0.7824     0.798    0.4936   0.05417   0.03522  0.009924
     37/49     12.1G   0.02932   0.02302  0.003336   0.05568        10       640    0.7622    0.7976    0.8198    0.5097      0.05   0.03603  0.009398
     38/49     12.1G   0.03004   0.01983  0.004019   0.05389        31       640    0.8724    0.6922    0.8189    0.5473   0.05104   0.03608   0.00971
     39/49     12.1G   0.03036   0.02046  0.003878    0.0547        53       640    0.8224    0.7671     0.838    0.5456   0.04978   0.03743   0.01041
     40/49     12.1G   0.03077   0.02343  0.003781   0.05799        29       640    0.8259    0.7674    0.8527    0.5603   0.04764   0.03693   0.01046
     41/49     12.1G   0.03168   0.02007  0.003722   0.05547        17       640    0.8373    0.7514    0.8539    0.4963   0.05243    0.0364   0.01089
     42/49     12.1G   0.03359   0.02006  0.003804   0.05745        20       640    0.8503    0.7371    0.8544    0.5675   0.04829   0.03829   0.01167
     43/49     12.1G   0.02785    0.0208  0.003254    0.0519         5       640    0.8044    0.7792     0.863    0.5712    0.0478   0.03749   0.01138
     44/49     12.1G   0.02942    0.0233    0.0037   0.05642        55       640    0.8198    0.7792    0.8542    0.5906   0.04989   0.03643    0.0104
     45/49     12.1G   0.02861   0.02026  0.003205   0.05207        17       640    0.7808    0.7835    0.8412    0.5542   0.04886   0.03635   0.01011
     46/49     12.1G   0.02986   0.02185  0.003121   0.05483        21       640    0.7952    0.7854    0.8362    0.5447   0.04967   0.03616    0.0101
     47/49     12.1G   0.02946   0.01996  0.003511   0.05293        84       640    0.8128    0.6837    0.8242    0.4697   0.05159   0.03611   0.01026
     48/49     12.1G   0.02978   0.01876  0.003159    0.0517        10       640    0.7391    0.7821     0.834    0.5375   0.04685   0.03752   0.01026
     49/49     12.1G    0.0268   0.01928  0.003276   0.04936        55       640    0.8032    0.7818    0.8454    0.5576   0.04715   0.03747   0.00996
