      0/49     9.55G   0.03379   0.03386    0.0356    0.1032       161       640    0.8738    0.5893    0.7836     0.621   0.04681   0.05704   0.02944
      1/49     9.61G   0.03343    0.0303   0.02332   0.08705       139       640    0.7664    0.6994    0.7922    0.5828   0.04701   0.05422   0.03144
      2/49     10.2G   0.03181   0.02898   0.01667   0.07746       168       640    0.7794    0.6947    0.7973    0.6117   0.04916    0.0519   0.03146
      3/49     10.2G   0.03002    0.0244   0.01059   0.06502       137       640    0.8274    0.7085    0.8285    0.6193   0.05052   0.04985    0.0295
      4/49     10.2G   0.03116   0.02639  0.008847    0.0664       183       640    0.7058    0.7644    0.8362    0.5707   0.05436   0.04826   0.02774
      5/49     10.2G   0.03221   0.02415  0.006966   0.06332       198       640    0.7698    0.7599    0.8582     0.616   0.05112   0.04914   0.02579
      6/49     10.2G   0.03242   0.02468  0.006857   0.06396       157       640     0.736    0.7601    0.8468    0.5232   0.04871   0.04639   0.02928
      7/49     10.2G   0.03272   0.02177  0.006187   0.06068       143       640    0.7181    0.7335     0.775    0.4922   0.06113   0.04441   0.02492
      8/49     10.3G    0.0404   0.02012  0.005281   0.06581       129       640    0.6503     0.806    0.8002    0.4798   0.05517   0.04732    0.0222
      9/49     10.3G   0.03846    0.0231  0.006285   0.06784       272       640    0.6925    0.8335    0.8817    0.4911   0.05188   0.04735   0.02159
     10/49     10.3G   0.03557   0.01971  0.006218   0.06149       221       640    0.8132    0.7787     0.883    0.5696   0.05338   0.04789   0.02098
     11/49     10.3G    0.0353   0.02098  0.005249   0.06153        78       640    0.8276    0.7954    0.8939    0.6446   0.05252   0.04654    0.0214
     12/49     10.3G   0.03481   0.01964  0.005162   0.05961       213       640    0.7122    0.7399    0.7894    0.5019   0.05407   0.04776   0.02034
     13/49     10.3G   0.03521   0.02384  0.005443   0.06449       158       640    0.8134    0.7882     0.882    0.5046   0.05567   0.04705   0.02032
     14/49     10.3G   0.03674   0.02079  0.005503   0.06304       198       640    0.7327     0.852     0.886    0.6179   0.05214   0.04782   0.01777
     15/49     10.3G   0.03601   0.02085  0.006023   0.06289       115       640     0.708    0.8254     0.902     0.646   0.05259   0.04462   0.01929
     16/49     10.3G    0.0364   0.02104  0.004949   0.06239       228       640    0.5743    0.7957    0.8071    0.4937   0.06318   0.04252   0.01888
     17/49     10.3G   0.03888   0.02011  0.006085   0.06508       210       640    0.9671     0.614    0.8931    0.6089   0.06233   0.04256   0.01583
     18/49     10.3G   0.03885   0.02134  0.006036   0.06623       217       640    0.8646    0.6393    0.8434    0.4244    0.0671   0.03833   0.01679
     19/49     10.3G   0.03758   0.02038   0.00559   0.06355        58       640    0.8012    0.6071    0.7712    0.5805   0.07139   0.03818   0.01435
     20/49     10.3G   0.03915   0.02178  0.005409   0.06633       197       640    0.6923    0.7086    0.7941    0.5388   0.07124   0.03656   0.01215
     21/49     10.3G   0.03739   0.02294  0.005822   0.06615        95       640    0.9421    0.7762    0.9163     0.699   0.06682   0.03594   0.01301
     22/49     10.3G   0.03695    0.0206  0.005316   0.06286       178       640    0.7565    0.7741    0.8474    0.5951   0.06567    0.0361   0.01036
     23/49     10.3G   0.04764   0.01836  0.005259   0.07127       156       640    0.8491    0.7086    0.8575    0.4762   0.08104   0.03296  0.009066
     24/49     10.3G    0.0466   0.02062  0.006607   0.07383       269       640    0.4117    0.8193    0.5201    0.1865   0.08229   0.03367  0.008201
     25/49     10.3G   0.04824   0.02335  0.008594   0.08018       190       640    0.6128    0.8723      0.75    0.2403   0.08186   0.03363   0.01106
     26/49     10.3G   0.04365   0.02065  0.008503   0.07281       212       640    0.8106    0.7974    0.8457    0.3683   0.06934   0.03794   0.01282
     27/49     10.3G   0.04143   0.02239  0.005938   0.06975       139       640    0.7511    0.8631    0.8524    0.4758   0.07024   0.03606      0.01
     28/49     10.3G   0.04109   0.02307  0.006917   0.07108       133       640    0.6502    0.8113    0.6749    0.3875   0.06192   0.03759   0.01013
     29/49     10.3G   0.03839   0.02151  0.005571   0.06547       140       640    0.8564    0.6828    0.8338    0.5171   0.06006   0.03814  0.009951
     30/49     10.3G   0.03821   0.02164  0.005627   0.06547       154       640    0.8354    0.7553    0.8363    0.4525    0.0666   0.03585  0.009629
     31/49     10.3G    0.0378   0.02207   0.00614     0.066       169       640    0.8512    0.7531    0.8666    0.4854   0.05837    0.0387  0.009761
     32/49     10.3G   0.03491   0.02047  0.005126   0.06051       148       640     0.847    0.7554    0.8926    0.5219   0.05483   0.04065  0.009081
     33/49     10.3G    0.0363   0.01952  0.005685    0.0615       133       640    0.7538    0.7332    0.8726    0.5379   0.05996   0.04067  0.009938
     34/49     10.3G   0.03673   0.02272  0.005122   0.06457       242       640    0.8941    0.7541    0.9254    0.6139   0.05386   0.03995   0.01055
     35/49     10.3G   0.03223   0.02196  0.004196   0.05838       179       640    0.8282    0.8761    0.9465    0.6922   0.05428   0.04011   0.01068
     36/49     10.3G   0.03339   0.02292  0.004728   0.06104       206       640    0.8122    0.7584    0.8679    0.5906     0.051   0.04286   0.01025
     37/49     10.3G   0.03104   0.02161  0.004559    0.0572       126       640    0.7497    0.7874    0.8671    0.6242   0.04636   0.04423   0.01099
     38/49     10.3G   0.03291   0.02141  0.004664   0.05898       174       640    0.6828      0.78    0.8172    0.3733   0.05586   0.03892   0.01436
     39/49     10.3G   0.04111   0.02031  0.004407   0.06583       154       640    0.7722    0.7728    0.8839    0.5883   0.05386   0.04032   0.01516
     40/49     10.3G    0.0338   0.02097  0.004888   0.05965       174       640    0.7921    0.7664    0.9261    0.6425   0.04712   0.04373   0.01455
     41/49     10.3G   0.03038   0.02203  0.003525   0.05594       202       640    0.8363    0.7799    0.9316    0.6678   0.04932   0.04153   0.01347
     42/49     10.3G   0.03169   0.02297   0.00448   0.05914       167       640    0.8464    0.8576    0.9384    0.6886   0.05011   0.04148   0.01379
     43/49     10.3G   0.03346   0.02062  0.004246   0.05832       191       640    0.8336    0.8708     0.934    0.6418    0.0497    0.0428    0.0131
     44/49     10.3G   0.03261   0.02179  0.004134   0.05854       159       640    0.8735    0.8331    0.9435       0.7   0.04891   0.04385   0.01231
     45/49     10.3G   0.02946   0.02034  0.004104   0.05391       138       640    0.8535    0.8661    0.9438    0.7043   0.04802   0.04435   0.01234
     46/49     10.3G   0.02918   0.01861  0.003431   0.05122       281       640    0.8104    0.8537    0.9438     0.687   0.04842   0.04554   0.01293
     47/49     10.3G     0.029   0.01925  0.003525   0.05178       177       640    0.8065     0.861    0.9462    0.6508   0.04906   0.04521   0.01195
     48/49     10.3G   0.02858   0.01891  0.002923   0.05041       185       640    0.8486    0.8468     0.949    0.6049   0.04645   0.04572   0.01327
     49/49     10.3G   0.02954   0.01934  0.004023   0.05291       152       640    0.8359    0.8383    0.9528    0.7243   0.04586   0.04621   0.01368
