      0/49     10.4G    0.0368   0.06666   0.04136    0.1448       435       640    0.6704    0.5379    0.6137    0.3997    0.0521    0.1067    0.0303
      1/49     10.2G   0.03363   0.05521   0.02315     0.112       398       640    0.6208    0.6256    0.6186    0.4168   0.05048   0.09721     0.032
      2/49     10.9G   0.03151   0.05245   0.01572   0.09968       497       640    0.7001    0.5971    0.6665    0.4237   0.05167   0.09056   0.03443
      3/49     10.9G   0.03014   0.04461   0.01005    0.0848       370       640    0.7666    0.6689    0.7538     0.518   0.04965   0.08884   0.03303
      4/49     10.9G   0.03154   0.04695   0.00768   0.08617       430       640    0.6516    0.7397    0.7768    0.5171   0.05342   0.08666   0.03011
      5/49     10.9G   0.03146   0.04288  0.006917   0.08126       510       640    0.7728    0.6759    0.7839    0.5315   0.05388   0.08971   0.02847
      6/49     10.9G   0.03194   0.04417  0.006678   0.08278       397       640    0.8237     0.716     0.811    0.5561   0.05075   0.08936   0.02769
      7/49     10.9G   0.03271   0.03848  0.005493   0.07668       425       640    0.5694    0.6069    0.5611    0.2537   0.06902   0.08508   0.02594
      8/49     10.9G   0.04433   0.03922  0.005419   0.08897       380       640    0.4438    0.6499     0.464    0.2516     0.079   0.07557   0.02394
      9/49     10.9G   0.04329   0.03888  0.006923    0.0891       661       640    0.6792    0.6756    0.7005     0.399   0.06946   0.07272     0.019
     10/49     10.9G   0.03945   0.03777  0.006939   0.08416       474       640    0.7312    0.7764     0.812    0.4922   0.05425   0.09268   0.01885
     11/49     10.9G   0.03514   0.04321  0.006464   0.08481       211       640    0.7877    0.7635    0.8198    0.4154   0.05882   0.08461   0.02033
     12/49     10.9G   0.03589   0.04061  0.005731   0.08223       582       640      0.72    0.7852    0.7831    0.4663   0.06023    0.0873   0.02018
     13/49     10.9G   0.03469   0.04555  0.005738   0.08597       331       640    0.6924    0.8413    0.7814    0.4657   0.05642   0.08439   0.01957
     14/49     10.9G   0.03771    0.0402   0.00515   0.08306       499       640    0.7364     0.677    0.7377    0.4255   0.06532   0.07465   0.01795
     15/49     10.9G    0.0378   0.04174  0.004998   0.08454       432       640    0.9556    0.7472    0.8821    0.5657   0.05564   0.07955   0.01787
     16/49     10.9G   0.03811   0.04197  0.005593   0.08567       541       640     0.805    0.6403     0.769    0.4819   0.06683   0.07034   0.01512
     17/49     10.9G   0.04129   0.03966  0.005798   0.08675       522       640    0.8777    0.8161    0.8493    0.5346   0.07222   0.06212   0.01597
     18/49     10.9G   0.03679   0.03973   0.00558    0.0821       530       640    0.8031    0.8333    0.8838    0.5474   0.06639   0.06975   0.01307
     19/49     10.9G   0.03666    0.0391   0.00478   0.08054       180       640    0.9664    0.7793    0.9081    0.5779   0.06539   0.06494   0.01405
     20/49     10.9G   0.03579   0.03927  0.004744   0.07981       529       640    0.9526    0.8462    0.9203    0.6535   0.05782    0.0736   0.01407
     21/49     10.9G   0.03544   0.04438  0.005033   0.08486       311       640    0.8645    0.8063    0.8975    0.5905   0.06414   0.07088    0.0148
     22/49     10.9G   0.03731   0.03901  0.004484    0.0808       450       640    0.8515    0.7827    0.8871    0.5937   0.07349   0.06382   0.01385
     23/49     10.9G   0.04488   0.03748  0.005879   0.08824       479       640    0.8181     0.847    0.8951    0.4584   0.07896   0.05922   0.01456
     24/49     10.9G   0.04687   0.03987  0.006236   0.09298       566       640    0.8131    0.7987    0.8628    0.4054   0.08059   0.06136   0.01178
     25/49     10.9G   0.04363   0.04033  0.006953   0.09092       531       640    0.7363    0.8681    0.8682    0.4949   0.06741   0.06784    0.0116
     26/49     10.9G   0.03878   0.04208   0.00563   0.08649       503       640    0.8456    0.8462    0.8911    0.5252   0.05943   0.06101   0.00943
     27/49     10.9G   0.03824   0.04223  0.005312   0.08579       407       640    0.7134    0.8896    0.8814    0.4074   0.06364   0.06522   0.01051
     28/49     10.9G   0.03657   0.04257  0.005596   0.08474       292       640    0.7604    0.8211    0.8906    0.5333   0.06049   0.06559   0.01038
     29/49     10.9G   0.04093   0.03887  0.005053   0.08485       430       640    0.5411    0.8194    0.7123    0.2821   0.07512   0.05819   0.01068
     30/49     10.9G   0.04133   0.04224  0.005969   0.08954       368       640    0.8016    0.8589    0.9087    0.5948     0.059   0.06183   0.01332
     31/49     10.9G   0.03295   0.04207   0.00566   0.08068       452       640    0.8341     0.859    0.8869    0.5722   0.05595   0.06929   0.01056
     32/49     10.9G   0.03452   0.03855   0.00443   0.07749       401       640    0.5098    0.7616    0.7338    0.3543   0.06671   0.07189  0.009163
     33/49     10.9G   0.03982   0.03887  0.004309     0.083       381       640    0.8789    0.8052    0.8915     0.575   0.05946   0.06572   0.00949
     34/49     10.9G   0.03241   0.04688  0.005134   0.08443       643       640    0.8317    0.9201     0.949    0.6636   0.05356    0.0627   0.00945
     35/49     10.9G   0.03443    0.0424  0.004068    0.0809       454       640    0.6378    0.8972     0.819    0.5302   0.05802   0.06194  0.008994
     36/49     10.9G   0.03888   0.04492  0.004279   0.08808       447       640    0.9694    0.7686    0.8963    0.5462   0.06257   0.05888  0.009717
     37/49     10.9G    0.0345   0.04033  0.004673    0.0795       377       640    0.8936    0.8812    0.9208    0.5963   0.05976   0.06328   0.01072
     38/49     10.9G    0.0313   0.03819  0.004662   0.07415       497       640    0.7288     0.896    0.8695    0.5492   0.06107   0.07096  0.009959
     39/49     10.9G   0.03876   0.04126  0.004575   0.08459       399       640    0.7768    0.7009     0.813    0.5087    0.0637   0.07113  0.009787
     40/49     10.9G   0.03639   0.04294   0.00451   0.08384       425       640    0.8541     0.763    0.9013    0.5058   0.06463   0.06325  0.008607
     41/49     10.9G   0.03947   0.04488  0.003895   0.08825       414       640    0.8399    0.8287     0.909    0.5862   0.06212   0.06136  0.008064
     42/49     10.9G   0.03305   0.04556  0.004291    0.0829       400       640    0.9878    0.7915    0.9339    0.6273   0.05499   0.06067  0.008224
     43/49     10.9G   0.03287   0.04173  0.004201   0.07881       580       640    0.9256    0.8579    0.9534    0.6624   0.05249   0.06658  0.008622
     44/49     10.9G   0.03063   0.04307  0.004391    0.0781       474       640    0.9428    0.8552    0.9611    0.6534   0.05322   0.06744  0.009224
     45/49     10.9G   0.02845    0.0394  0.003549   0.07139       388       640    0.9766    0.8501     0.957    0.7005   0.05039   0.06914  0.009261
     46/49     10.9G   0.02934   0.03812  0.003182   0.07065       625       640    0.9376    0.8457    0.9407    0.6179   0.05353   0.06916  0.009032
     47/49     10.9G   0.03098   0.03837  0.003424   0.07277       443       640    0.9247    0.9056    0.9578    0.6933   0.04983   0.07198  0.009157
     48/49     10.9G   0.02717   0.03735  0.003094   0.06762       412       640    0.9359    0.8895     0.961    0.7271   0.04822   0.07293  0.009221
     49/49     10.9G   0.02606   0.03926  0.003032   0.06835       547       640    0.9338    0.8975    0.9628     0.699   0.04746   0.07364  0.009245
