      0/49      1.7G   0.02709   0.01641  0.004735   0.04824        34       640    0.4978    0.6725    0.5267     0.401   0.05759   0.02871  0.006818
      1/49     10.3G   0.02823   0.01511  0.004703   0.04805        38       640    0.4199    0.7987    0.4684    0.3337   0.05801      0.03  0.006729
      2/49       12G   0.02931   0.01488  0.004758   0.04895        44       640    0.4324    0.7666    0.4594    0.3279   0.05973   0.03107  0.006859
      3/49       12G   0.03024   0.01567  0.004113   0.05002        55       640     0.391    0.8178    0.4683      0.32   0.06093    0.0311  0.007271
      4/49     12.1G   0.03231    0.0143  0.004432   0.05104        50       640    0.3759    0.7457    0.4309     0.294   0.05979   0.03238  0.009346
      5/49     12.1G   0.03333   0.01314  0.005091   0.05156        61       640    0.5442    0.6317    0.5648    0.4042   0.05947   0.03316  0.007566
      6/49     12.1G   0.03444   0.01508  0.004149   0.05367        45       640    0.5606    0.5923    0.5741    0.3692    0.0635   0.03145  0.007512
      7/49     12.1G   0.03579   0.01521   0.00515   0.05615        18       640    0.4573    0.7188    0.5827    0.4352   0.06013   0.03383  0.009141
      8/49     12.1G   0.03434   0.01406  0.004103   0.05251        95       640    0.4324    0.5363     0.443    0.3008   0.06153   0.03307  0.008007
      9/49     12.1G   0.03881     0.014  0.005422   0.05824        40       640    0.7091    0.4267    0.5195     0.343   0.07246   0.03039  0.009046
     10/49     12.1G   0.03918   0.01366  0.005454   0.05829        66       640     0.474    0.4928    0.4856    0.3077   0.07543   0.03425  0.007587
     11/49     12.1G   0.04042   0.01297   0.00536   0.05875        64       640    0.3054     0.547    0.3191    0.1641   0.08743   0.02733   0.01168
     12/49     12.1G   0.05339   0.01138  0.008044   0.07281        46       640    0.2104    0.2984    0.1671   0.09263    0.1001   0.03163   0.02368
     13/49     12.1G   0.04929   0.01373  0.008295   0.07132        31       640    0.3803    0.5297    0.3598    0.1761   0.08627   0.02749   0.01133
     14/49     12.1G   0.04882   0.01317  0.009495   0.07149       121       640    0.3553    0.4696    0.3106    0.1374   0.08485   0.02884   0.01256
     15/49     12.1G   0.04319   0.01335  0.008601   0.06514        15       640    0.4078     0.377    0.2691    0.1092   0.09593   0.03316   0.01771
     16/49     12.1G   0.04749   0.01383  0.008991   0.07031        28       640    0.2194    0.6752    0.3134    0.1744   0.09837    0.0266   0.01806
     17/49     12.1G   0.05103   0.01406   0.01152   0.07661        37       640     0.327    0.2241    0.2689    0.1088   0.09356   0.02874   0.01506
     18/49     12.1G   0.04916   0.01521   0.01072   0.07509        27       640    0.2874    0.3244    0.2718    0.1221   0.08687   0.02892   0.01539
     19/49     12.1G    0.0516   0.01488   0.01002    0.0765        82       640    0.2586    0.3174    0.1803   0.08042      0.09   0.03072   0.01727
     20/49     12.1G   0.05214   0.01363   0.01013   0.07591        71       640    0.1659     0.196    0.1112   0.04404   0.09395   0.03664   0.02461
     21/49     12.1G   0.04648   0.01471   0.01054   0.07173        55       640   0.05033   0.09344   0.02329  0.009575    0.1067   0.04144   0.04096
     22/49     12.1G   0.05428   0.01452   0.01387   0.08268       134       640    0.4897    0.1673    0.1404   0.05759   0.09998   0.02993   0.03584
     23/49     12.1G   0.05574   0.01511   0.01642   0.08727        22       640    0.1289    0.3769    0.1565   0.06719   0.09944   0.03107   0.02709
     24/49     12.1G   0.05502   0.01376   0.01436   0.08315        12       640   0.02674    0.0428   0.01229  0.003441    0.1111   0.05473   0.03379
     25/49     12.1G    0.0664   0.01799   0.01614    0.1005       124       640   0.08474   0.02861   0.01858  0.007048    0.1131   0.04235   0.03239
     26/49     12.1G   0.06109   0.01487   0.01532   0.09127        23       640   0.04925   0.08376    0.0165  0.006715     0.106   0.05301   0.02431
     27/49     12.1G   0.06352   0.01613   0.01423   0.09388        75       640  0.001161    0.1333 0.0004758 4.758e-05    0.1307   0.05874   0.04197
     28/49     12.1G   0.06966   0.01641   0.01711    0.1032        34       640 0.0006362  0.007194 1.789e-05 3.948e-06    0.1409    0.1257    0.6168
     29/49     12.1G    0.0753   0.01585   0.02126    0.1124        31       640         0         0         0         0       nan       nan       nan
     30/49     12.1G   0.07133   0.01549   0.01986    0.1067        90       640         0         0         0         0       nan       nan       nan
     31/49     12.1G   0.06485   0.01545   0.01623   0.09653        67       640         0         0         0         0    0.1574     1.208     26.95
     32/49     12.1G   0.06458   0.01672   0.01732   0.09862       142       640   0.08603   0.07657   0.01373  0.002742    0.1246   0.05185    0.4757
     33/49     12.1G   0.06826     0.016   0.01714    0.1014        28       640   0.01312    0.1577   0.00657   0.00176    0.1163   0.04807    0.3561
     34/49     12.1G    0.0658   0.01667   0.01692   0.09939        49       640   0.06393   0.09344   0.03197   0.01047    0.1015   0.03985    0.1593
     35/49     12.1G   0.06033     0.016   0.01543   0.09176        76       640   0.08277      0.23   0.05236   0.01684   0.09953   0.03524    0.0528
     36/49     12.1G   0.05827   0.01613   0.01536   0.08977       110       640   0.05112    0.2084   0.04701    0.0181    0.1002   0.04007     0.125
     37/49     12.1G   0.05759   0.01685   0.01512   0.08956        63       640    0.7434   0.06235   0.04624   0.01663    0.1039   0.03851    0.1897
     38/49     12.1G   0.05446   0.01587   0.01402   0.08435        65       640   0.05501    0.4421   0.07033   0.02567   0.09947   0.02995   0.01866
     39/49     12.1G   0.06066   0.01635   0.01413   0.09113       104       640   0.01424  0.004796  0.001439 0.0003135    0.1276   0.07521    0.5825
     40/49     12.1G   0.06624   0.01513   0.01488   0.09625        62       640    0.0167   0.05978  0.005206  0.002184    0.1113   0.04273   0.08702
     41/49     12.1G   0.05879   0.01658    0.0151   0.09048       112       640    0.3716   0.05995   0.01641  0.004583    0.1034   0.03782   0.02002
     42/49     12.1G   0.05864   0.01687   0.01471   0.09022        44       640   0.01828   0.02158   0.00317  0.001374    0.1105   0.09814     0.265
     43/49     12.1G   0.05758   0.01637   0.01497   0.08891       119       640    0.3643   0.04796   0.01248   0.00409    0.1044   0.05134   0.06817
     44/49     12.1G   0.05133    0.0161   0.01408   0.08151         9       640   0.04044   0.06954   0.01991  0.007908    0.1025   0.03755   0.03066
     45/49     12.1G   0.05422   0.01599   0.01395   0.08416        86       640   0.04046    0.3298   0.03538   0.01421   0.09985   0.03543   0.02331
     46/49     12.1G   0.05877   0.01481   0.01389   0.08747        90       640   0.06288    0.2536   0.05421   0.02142   0.09918   0.03368   0.02002
     47/49     12.1G   0.05423   0.01625   0.01445   0.08494       100       640   0.07491     0.237    0.0661   0.02754    0.0941    0.0339   0.01822
     48/49     12.1G   0.05475   0.01569   0.01317   0.08361        24       640   0.08768    0.2537    0.0692   0.03044   0.09349   0.03347   0.01789
     49/49     12.1G   0.05734   0.01512   0.01416   0.08662        32       640   0.09895    0.2442   0.07275     0.032   0.09505   0.03281   0.01764
