      0/49     1.43G   0.03696   0.07221    0.0424    0.1516        90       640      0.53    0.5647    0.5496    0.3668   0.05018   0.09425   0.03336
      1/49     10.7G   0.03472   0.06023   0.02648    0.1214       103       640    0.4827     0.627    0.5375    0.3353   0.05206   0.08655   0.03474
      2/49     12.5G   0.03157   0.05416   0.01645    0.1022       162       640     0.525     0.647    0.6054    0.3965   0.05002   0.08178   0.03646
      3/49     12.5G   0.03035   0.04964     0.011   0.09099       151       640    0.6004    0.6258    0.6498    0.4299   0.04967   0.07991   0.03717
      4/49     12.5G   0.02997   0.04647  0.008857    0.0853       207       640    0.7156    0.6123    0.7124     0.467    0.0495   0.08223   0.03473
      5/49     12.5G   0.03269   0.04468  0.007725    0.0851       224       640    0.6631    0.7615    0.7723    0.4792    0.0513    0.0807   0.03378
      6/49     12.5G   0.03135   0.04404  0.006883   0.08228       142       640    0.7898    0.6999    0.8142    0.5611   0.04995   0.08062   0.02995
      7/49     12.5G   0.03206   0.04182  0.005947   0.07983       171       640    0.7154    0.7776    0.8063    0.5211   0.05273   0.08023   0.02994
      8/49     12.5G   0.03832   0.04132  0.005358     0.085       112       640    0.5379     0.754    0.6219    0.3316   0.06316   0.07785   0.02944
      9/49     12.5G   0.04069   0.03698  0.005739   0.08341       166       640    0.7241    0.6696    0.7194    0.3495   0.06672   0.07546   0.02486
     10/49     12.5G   0.03786   0.03749  0.006057    0.0814        51       640    0.7333    0.8123    0.8438    0.4395   0.05444   0.07739   0.02023
     11/49     12.5G   0.03551   0.04383  0.005319   0.08466       184       640    0.6274    0.7701    0.7344    0.3971   0.05263   0.06882   0.02219
     12/49     12.5G   0.03426   0.04325  0.005864   0.08338       177       640    0.8405    0.8013    0.8763    0.5495   0.04364   0.07307   0.02004
     13/49     12.5G   0.03342   0.04462  0.005292   0.08333       101       640     0.686    0.7864    0.8048    0.3997   0.04952   0.07435   0.02049
     14/49     12.5G   0.03743   0.04181  0.005532   0.08477        89       640    0.6889    0.8685    0.8049     0.452   0.05092   0.07726   0.01844
     15/49     12.5G     0.036   0.04323  0.005297   0.08453       139       640    0.8274    0.8721    0.9219    0.5801   0.04408    0.0802   0.02014
     16/49     12.5G   0.03582   0.04356  0.004881   0.08426       224       640    0.6856    0.7313    0.7646    0.3758   0.05663   0.07493   0.02044
     17/49     12.5G   0.03884   0.04295  0.005191   0.08698       214       640    0.8278    0.8205    0.8894    0.5376   0.04999   0.07546   0.01762
     18/49     12.5G   0.03626   0.03747   0.00528     0.079       116       640    0.7053    0.7168     0.765    0.3632     0.057   0.07415   0.01761
     19/49     12.5G   0.03792   0.04079  0.005247   0.08396       184       640     0.747    0.8534    0.8613    0.4853   0.04866   0.07466   0.01741
     20/49     12.5G   0.03515    0.0407  0.005038   0.08089       117       640    0.8846    0.8174    0.9166    0.5253   0.05288   0.07252   0.01524
     21/49     12.5G   0.03491   0.04204  0.004195   0.08114       112       640    0.8702    0.8317    0.9008    0.5318   0.04668   0.07349   0.01837
     22/49     12.5G   0.03444   0.04575  0.004302    0.0845       168       640    0.8195    0.8248    0.8989    0.5571   0.04932   0.07723   0.01771
     23/49     12.5G   0.03249   0.03853  0.004409   0.07542       172       640    0.7948    0.6829    0.8175    0.4979   0.05495   0.07535   0.01681
     24/49     12.5G   0.03726   0.03726  0.004227   0.07875       102       640    0.8184    0.8007    0.8889    0.5386   0.05408   0.07502   0.01354
     25/49     12.5G   0.03817    0.0408  0.004852   0.08383        36       640    0.7313    0.7519    0.7738     0.472   0.06478   0.06798   0.01567
     26/49     12.5G   0.04072   0.03992   0.00557   0.08621       275       640    0.7548    0.6599    0.7289    0.4083   0.07225   0.06143   0.01598
     27/49     12.5G   0.03702   0.04418  0.005418   0.08661       138       640    0.5463    0.6581    0.6124    0.3041   0.07392   0.05903   0.01317
     28/49     12.5G   0.04068   0.04345  0.004837   0.08897       127       640    0.8262    0.7487    0.8391    0.4842   0.07185   0.05529   0.01149
     29/49     12.5G   0.04237   0.04077  0.006097   0.08924       177       640    0.8331    0.7916    0.9031    0.5585   0.07129   0.05182   0.01068
     30/49     12.5G   0.03952   0.03829  0.006048   0.08386       179       640    0.8811    0.7643       0.9    0.5744   0.07276   0.05127   0.01205
     31/49     12.5G   0.03882   0.03671  0.006201   0.08173       207       640    0.9044     0.818    0.9398    0.5526   0.06302   0.06304   0.01056
     32/49     12.5G   0.03666   0.04531  0.006215   0.08819       198       640    0.8285    0.8557    0.9299     0.566   0.06188   0.06644   0.01214
     33/49     12.5G   0.03771   0.04195  0.004685   0.08435       142       640    0.9073    0.8349    0.9363    0.5747   0.06207   0.07041   0.01181
     34/49     12.5G   0.03305   0.04328  0.004397   0.08072       233       640    0.8113    0.8679    0.9087    0.5717   0.05167   0.06894     0.011
     35/49     12.5G   0.03379   0.04341  0.003469   0.08067       246       640    0.7819    0.8339    0.8622    0.4883   0.05778   0.05818   0.01032
     36/49     12.5G   0.03674   0.04477  0.004166   0.08567       175       640    0.8733    0.8412    0.9194    0.5492   0.06055   0.05169   0.01007
     37/49     12.5G   0.03292    0.0408  0.004631   0.07835       137       640    0.8915    0.8989    0.9468    0.6305   0.05581   0.05606  0.009496
     38/49     12.5G   0.03014   0.03881  0.003892   0.07284       101       640    0.8962    0.9143     0.948    0.5951   0.05617   0.05901  0.009301
     39/49     12.5G   0.03029   0.04232  0.003803   0.07642       255       640    0.8988    0.8739    0.9333    0.5932   0.05604   0.05793  0.009651
     40/49     12.5G   0.03304   0.04338  0.003488   0.07991       141       640    0.8988    0.8759    0.9342    0.6418    0.0601    0.0528   0.01036
     41/49     12.5G   0.03654   0.03611  0.003905   0.07655       132       640    0.9033    0.8787    0.9402    0.6299   0.06013   0.05302   0.01183
     42/49     12.5G   0.03595   0.03768  0.004183   0.07781       157       640    0.7742    0.9096    0.9018     0.529   0.06384   0.05993   0.01214
     43/49     12.5G   0.03054   0.04231  0.004366   0.07722       125       640    0.8249    0.9046    0.9364    0.6268   0.06109   0.06003    0.0118
     44/49     12.5G   0.03334   0.03855  0.004095   0.07598       250       640    0.9331    0.8663    0.9533    0.6296   0.06011   0.05951   0.01079
     45/49     12.5G   0.03077   0.04057  0.003667   0.07501       110       640    0.9426    0.8595    0.9532    0.6474   0.05847   0.05728    0.0102
     46/49     12.5G   0.02915   0.04033  0.003402   0.07288        86       640    0.8715    0.9327    0.9553    0.6526   0.05437   0.05725    0.0099
     47/49     12.5G   0.02727   0.03907  0.003399   0.06974       161       640    0.9162    0.9143    0.9625    0.6244   0.05476   0.05813  0.009826
     48/49     12.5G   0.02936   0.03582   0.00299   0.06816       130       640    0.9126    0.9119    0.9579    0.6635   0.05423   0.05486  0.009537
     49/49     12.5G   0.02862   0.03879   0.00307   0.07048       174       640    0.8994    0.9298    0.9601    0.6545   0.05411    0.0565  0.009132
