      0/49     3.25G   0.03679   0.07198   0.04294    0.1517       247       640    0.5541     0.595    0.5793    0.3819   0.05161    0.1133   0.03227
      1/49     10.2G   0.03388   0.06133   0.02954    0.1248       358       640     0.609    0.5699    0.5953    0.3892   0.05119    0.1008   0.03421
      2/49     11.2G   0.03143   0.05311   0.01738    0.1019       261       640    0.5807    0.6521    0.6221    0.4125   0.05056    0.0961   0.03441
      3/49     11.2G   0.03132   0.04959   0.01405   0.09495       381       640    0.5623    0.6582    0.6498    0.4393   0.04958   0.09415    0.0353
      4/49     11.2G   0.02971    0.0511   0.01052   0.09134       396       640    0.5975    0.7158     0.711    0.4783   0.05032   0.09264   0.03401
      5/49     11.2G   0.03028   0.04525  0.008498   0.08403       432       640    0.6097    0.7601    0.7425    0.4889    0.0521   0.09276   0.03294
      6/49     11.2G    0.0313   0.04457  0.007833    0.0837       223       640    0.6573    0.7617    0.7713     0.527   0.05108   0.09294   0.03227
      7/49     11.2G   0.03081   0.04464  0.006281   0.08173       306       640     0.714    0.7313       0.8    0.5486   0.04886    0.0959   0.02997
      8/49     11.2G   0.03156   0.04378  0.005894   0.08123       304       640    0.7375      0.76    0.8081     0.552     0.051   0.09653   0.02879
      9/49     11.2G   0.03304   0.04292  0.005845    0.0818       253       640    0.3727    0.7425    0.5047    0.1766     0.074   0.08678   0.02879
     10/49     11.2G   0.04549   0.04147  0.005763   0.09273       285       640    0.4875    0.7035    0.5837    0.2804   0.06584   0.09401   0.02685
     11/49     11.2G   0.04003   0.04556  0.006859   0.09246       253       640    0.7453    0.8113    0.8212    0.4846   0.06104   0.08027   0.02226
     12/49     11.2G   0.03818   0.03848  0.006264   0.08292       407       640    0.5836    0.8028    0.7139    0.4787   0.06434   0.07883   0.02059
     13/49     11.2G   0.03912   0.04054  0.006182   0.08585       253       640    0.5171    0.8003     0.685    0.4173   0.07227   0.07509   0.01957
     14/49     11.2G   0.04037   0.03565  0.006417   0.08243       368       640    0.6065    0.7976    0.7094    0.3699   0.06107   0.09035   0.01751
     15/49     11.2G   0.03668   0.03973   0.00546   0.08187       371       640    0.7908    0.8552    0.8549    0.5534   0.04952    0.1004   0.01708
     16/49     11.2G   0.03525   0.04815  0.005822   0.08922       322       640    0.6766    0.7455      0.75    0.4199   0.06252   0.08476   0.01851
     17/49     11.2G   0.03691   0.04389  0.006156   0.08695       300       640    0.6417    0.8305    0.7514    0.4152   0.05791   0.09004    0.0192
     18/49     11.2G   0.03651   0.03978  0.006076   0.08238       306       640    0.7453    0.8061    0.8075    0.5257   0.05739   0.08999   0.01798
     19/49     11.2G   0.03757   0.04023  0.005313   0.08311       257       640    0.7538    0.8026     0.807    0.4814   0.05795   0.08898   0.01806
     20/49     11.2G   0.03504   0.03961   0.00513   0.07979       387       640    0.6211    0.8766    0.7426    0.4028   0.05933   0.08936    0.0188
     21/49     11.2G   0.03515   0.03692  0.005239   0.07731       317       640    0.7957    0.8048    0.8384    0.5286   0.05536   0.09333   0.01818
     22/49     11.2G   0.03434   0.03693  0.005255   0.07652       434       640    0.6644    0.8212    0.7954    0.4172   0.06164   0.08645   0.01662
     23/49     11.2G   0.03852   0.03988  0.005456   0.08386       355       640    0.8425    0.8767    0.9092    0.5971   0.06143   0.08341   0.01664
     24/49     11.2G   0.03319   0.03491  0.004503   0.07261       225       640    0.7229    0.8152    0.8265    0.4495   0.06141   0.08967   0.01713
     25/49     11.2G   0.03303   0.03888  0.004701   0.07661       220       640    0.8712    0.8646    0.9149    0.5701   0.05712   0.09126   0.01738
     26/49     11.2G   0.03493   0.04086  0.004716   0.08051       362       640    0.8899    0.8198     0.903    0.5712   0.05796   0.09001   0.01733
     27/49     11.2G   0.03102   0.03841  0.003867    0.0733       296       640    0.8906    0.7675    0.8878    0.5151   0.05746   0.09123   0.01693
     28/49     11.2G   0.03352   0.03553  0.004187   0.07324       382       640    0.8063    0.8076    0.8768    0.4253     0.066   0.08291   0.01417
     29/49     11.2G   0.03883   0.04389  0.004636   0.08736       381       640    0.7846    0.6592    0.7757    0.3464   0.07542   0.07238   0.01524
     30/49     11.2G   0.04247   0.03545  0.005401   0.08332       226       640    0.6409    0.8231    0.7646    0.3485   0.07094   0.07892   0.01636
     31/49     11.2G   0.03957   0.03793  0.005639   0.08314       278       640     0.893    0.8223    0.9001    0.5443   0.06715   0.07687   0.01413
     32/49     11.2G   0.03695   0.03699  0.004731   0.07867       281       640     0.834    0.7848    0.8588    0.5012   0.06661   0.07918   0.01292
     33/49     11.2G   0.03683    0.0421  0.004913   0.08384       248       640    0.8979    0.8697    0.9308    0.5261   0.06199   0.07666   0.01259
     34/49     11.2G   0.03509   0.04073  0.005137   0.08095       284       640    0.8811    0.8426    0.9069    0.5797   0.05925   0.07763   0.01321
     35/49     11.2G   0.03415   0.04008  0.004269    0.0785       122       640    0.8914    0.8297    0.9191    0.5214   0.06009   0.07498   0.01244
     36/49     11.2G   0.03387   0.04112  0.003998   0.07899       286       640    0.8534    0.7737    0.8984    0.5682   0.05931   0.07078   0.01183
     37/49     11.2G    0.0342   0.03993  0.004271    0.0784       212       640    0.8424    0.8574    0.9242    0.5814   0.05518   0.06973   0.01035
     38/49     11.2G    0.0305   0.04261  0.003508   0.07662       288       640    0.9346    0.8204    0.9378    0.5664   0.05804    0.0644  0.009913
     39/49     11.2G   0.03225   0.04019   0.00373   0.07617       307       640    0.9342    0.8727    0.9521    0.6258   0.05643   0.06662   0.01062
     40/49     11.2G   0.03096   0.03803   0.00345   0.07243       310       640    0.9138    0.8808    0.9366    0.5887   0.05639   0.07117   0.01138
     41/49     11.2G   0.03079   0.03959  0.003634   0.07401       206       640    0.8805    0.9161    0.9425    0.6433   0.05232   0.07435   0.01153
     42/49     11.2G   0.02783   0.03864  0.003311   0.06978       170       640    0.9111    0.8821    0.9428    0.6321   0.05228   0.07542   0.01156
     43/49     11.2G   0.02789   0.03971  0.003151   0.07075       293       640    0.8872    0.8377    0.9257    0.6388   0.05343   0.07559   0.01199
     44/49     11.2G   0.02853   0.03943  0.002886   0.07085       295       640    0.9266    0.9029    0.9572    0.6424   0.05305    0.0802   0.01227
     45/49     11.2G   0.02717   0.04308  0.003439   0.07369       285       640    0.9388    0.8786    0.9439    0.6345   0.05269   0.08223   0.01253
     46/49     11.2G   0.02597   0.03684  0.002821   0.06563       205       640     0.942    0.8957    0.9442    0.6708   0.05001   0.08405   0.01228
     47/49     11.2G   0.02565   0.03505  0.002851   0.06356       202       640    0.9191    0.9033    0.9409    0.6401   0.05289   0.08293   0.01193
     48/49     11.2G   0.03194   0.03754  0.003039   0.07253       324       640    0.8379    0.8776    0.8815    0.5566   0.05974   0.07995   0.01195
     49/49     11.2G    0.0324   0.03898  0.002843   0.07422       349       640    0.8216    0.7855    0.8928    0.5879   0.05528   0.07956   0.01194
