      0/49     10.7G   0.03426   0.03663   0.03946    0.1103       167       640    0.4378    0.6952    0.5689      0.38   0.04427   0.05238   0.02764
      1/49     9.85G   0.03209   0.02918   0.02365   0.08492       123       640    0.6067    0.4316     0.557    0.3716    0.0447   0.05094   0.02875
      2/49     10.5G   0.03176   0.02845   0.01587   0.07609       174       640    0.4754      0.53    0.5634    0.3376   0.04797    0.0479   0.03123
      3/49     10.5G   0.03076   0.02386   0.01058   0.06521       172       640    0.4956    0.5386    0.5842    0.3289   0.05072   0.04699   0.02863
      4/49     10.5G   0.03109   0.02568  0.008509   0.06528       179       640    0.7493    0.4124    0.6086     0.355   0.05113   0.04572   0.02738
      5/49     10.5G   0.03167    0.0246  0.007677   0.06395       195       640    0.5241    0.5414    0.6084    0.3653   0.04894    0.0465   0.02507
      6/49     10.5G   0.03223   0.02444   0.00768   0.06435       173       640    0.5421    0.5824    0.6259    0.3626    0.0491   0.04536   0.02529
      7/49     10.5G    0.0322   0.02128  0.006584   0.06007       180       640    0.3563    0.5942    0.4442    0.1952   0.06113   0.04264   0.02447
      8/49     10.5G   0.04425   0.01987  0.006297   0.07042       162       640    0.4802    0.5524    0.5203    0.2857   0.06758   0.03662   0.01889
      9/49     10.5G   0.04077   0.02125  0.008285    0.0703       265       640    0.4595    0.7341    0.6287    0.3774   0.06299   0.03514   0.01661
     10/49     10.5G   0.04007   0.01813  0.006836   0.06504       268       640    0.3317    0.7673     0.496    0.2423    0.0731   0.03273   0.01441
     11/49     10.5G   0.04215    0.0199  0.006881   0.06893        82       640    0.4199    0.8349    0.6125    0.3334   0.07149   0.03188   0.01503
     12/49     10.5G   0.03869   0.01849  0.006036   0.06321       207       640    0.5279    0.6709    0.6104    0.3064   0.07296   0.03119   0.01718
     13/49     10.5G   0.04057   0.01989  0.007471   0.06793       142       640    0.5092    0.7247    0.6451    0.3369   0.07574    0.0299   0.01784
     14/49     10.5G   0.03989   0.01756  0.007254   0.06471       188       640    0.5572    0.8078    0.6847    0.4323   0.06796   0.03343   0.01624
     15/49     10.5G   0.03964   0.01803  0.007166   0.06483       145       640    0.4691    0.7172      0.59    0.2914   0.06747   0.03357    0.0157
     16/49     10.5G   0.03873   0.01785  0.006317    0.0629       185       640    0.6868    0.7034    0.7306    0.4312   0.06654   0.03383   0.01651
     17/49     10.5G   0.03805   0.01647  0.006221   0.06074       223       640    0.6834    0.8137    0.7708    0.5103   0.06251   0.03543   0.01524
     18/49     10.5G   0.04015   0.01853  0.005956   0.06463       245       640      0.41    0.7807    0.5597    0.2432   0.06954   0.03363   0.01484
     19/49     10.5G   0.03892   0.01744  0.006448   0.06281        77       640    0.5514     0.807    0.6753    0.3759   0.05978    0.0344   0.01356
     20/49     10.5G   0.03979   0.01835  0.005932   0.06408       196       640    0.6698    0.5766    0.6646    0.4357   0.07021   0.03187   0.01415
     21/49     10.5G   0.03793   0.01868  0.005995   0.06261        96       640    0.7588    0.6665    0.7424    0.4015   0.06466    0.0334   0.01336
     22/49     10.5G   0.03943   0.01719  0.005855   0.06247       180       640    0.5429    0.7879    0.6957    0.4193   0.06059   0.03832   0.01318
     23/49     10.5G   0.03915   0.01748  0.005886   0.06252       142       640    0.5883    0.6584    0.6555    0.3788   0.06448   0.03602   0.01378
     24/49     10.5G    0.0441    0.0189  0.005809   0.06881       299       640    0.6384    0.6453    0.6482    0.2725   0.06954   0.03508   0.01439
     25/49     10.5G   0.04219   0.02164  0.006458   0.07028       174       640    0.5483    0.5762    0.5845    0.2543   0.06731   0.03411   0.01207
     26/49     10.5G   0.04211   0.01905  0.006009   0.06717       227       640    0.7368     0.524    0.6363    0.3173   0.07329   0.03314    0.0104
     27/49     10.5G   0.04095   0.02075  0.006407   0.06811       204       640    0.6762    0.7408    0.7496    0.4293   0.06299   0.03604   0.01166
     28/49     10.5G   0.04384   0.02005  0.005398   0.06929       134       640    0.6107     0.625    0.6464    0.2352   0.07028   0.03628   0.01056
     29/49     10.5G   0.04157   0.02529  0.006129     0.073       149       640    0.7469    0.6986    0.7432    0.3668    0.0679    0.0335  0.009929
     30/49     10.5G   0.03803   0.02288  0.005312   0.06623       121       640    0.7083    0.8075    0.7997    0.4892   0.05452   0.03634  0.009752
     31/49     10.5G   0.03682   0.02685   0.00555   0.06921       183       640    0.6439    0.7548    0.7293    0.3941   0.06354   0.03287  0.009427
     32/49     10.5G   0.04046   0.02086  0.005374    0.0667       157       640    0.6458     0.744    0.7298    0.4117   0.06351   0.03189   0.01201
     33/49     10.5G   0.03706   0.01989  0.005193   0.06214       133       640     0.749    0.7242    0.7715    0.5031   0.05434   0.03578   0.01113
     34/49     10.5G   0.03503   0.02203  0.004692   0.06176       213       640    0.7655    0.7096    0.7877    0.5123   0.05664   0.03356   0.01249
     35/49     10.5G   0.03251   0.02076  0.004652   0.05793       166       640    0.8612    0.7533    0.8437    0.5684   0.05116   0.03455   0.01317
     36/49     10.5G   0.03182   0.02263  0.003666   0.05811       194       640    0.8353    0.8019    0.8564    0.4493   0.05104   0.03655   0.01337
     37/49     10.5G   0.03164   0.02136   0.00408   0.05708       142       640    0.8659    0.7655    0.8647    0.5686   0.05081   0.03711   0.01341
     38/49     10.5G   0.03394   0.02038  0.003542   0.05786       167       640      0.88    0.7623     0.855    0.5584   0.05048   0.03673   0.01352
     39/49     10.5G   0.03214    0.0199  0.003392   0.05543       165       640    0.8419    0.7947    0.8685    0.5666   0.04848   0.03746   0.01381
     40/49     10.5G   0.03141   0.02132   0.00369   0.05642       171       640    0.8916    0.7093    0.8536    0.5408   0.05135   0.03727    0.0132
     41/49     10.5G   0.03065   0.02152   0.00322   0.05539       218       640    0.7796    0.7571    0.8238    0.4834   0.05006   0.03721   0.01301
     42/49     10.5G   0.03037   0.02211  0.004541   0.05703       197       640    0.8752     0.756    0.8741    0.5816   0.04672   0.03805    0.0128
     43/49     10.5G   0.02993   0.02066  0.003994   0.05459       222       640    0.8722    0.8031    0.8728    0.6059   0.04542   0.03881   0.01269
     44/49     10.5G   0.02812   0.01994  0.003857   0.05191       151       640    0.8796    0.8018    0.8777    0.5955   0.04705   0.03904    0.0132
     45/49     10.5G   0.02885    0.0198  0.003492   0.05214       148       640    0.8624    0.8194    0.8845     0.605   0.04581   0.04007   0.01332
     46/49     10.5G   0.02761   0.01824  0.003382   0.04924       269       640    0.8395    0.7713    0.8722    0.5576   0.04842   0.03957    0.0132
     47/49     10.5G   0.02854   0.01847  0.003463   0.05047       173       640    0.7927    0.8633     0.883    0.6046    0.0441   0.03987   0.01268
     48/49     10.5G    0.0279   0.01862  0.003492   0.05001       162       640    0.9004    0.7652    0.8833    0.5853   0.04376   0.03987   0.01258
     49/49     10.5G   0.02799   0.01899  0.003132    0.0501       159       640    0.8525       0.8     0.878    0.6133   0.04316   0.04019   0.01293
