      0/49     1.76G    0.0332   0.03537   0.03899    0.1076        18       640    0.6125    0.5824    0.5961    0.4095   0.04443   0.06121   0.03456
      1/49     10.1G   0.03299   0.03328   0.02451   0.09079        25       640     0.499    0.6713    0.5882    0.3869   0.04482    0.0572   0.03712
      2/49     11.9G    0.0319   0.02988   0.01631   0.07808        53       640    0.5235      0.56    0.5886     0.375   0.04406   0.05427   0.03747
      3/49     11.9G   0.03194   0.02854   0.01179   0.07226        75       640    0.6305    0.5221    0.6093    0.3916   0.04592   0.05347   0.03331
      4/49     11.9G   0.03148   0.02554  0.008264   0.06529       102       640    0.6164    0.5553    0.6325    0.4183   0.04662   0.05176   0.03334
      5/49     11.9G   0.03395   0.02639  0.008869   0.06921       125       640    0.5496    0.6761     0.629    0.3855   0.04805   0.04908   0.03765
      6/49     11.9G   0.03261   0.02345  0.006683   0.06275        36       640    0.6958    0.6267     0.693    0.4372   0.04642     0.051   0.03154
      7/49     11.9G    0.0332   0.02384  0.005965   0.06301        57       640    0.6124    0.6625    0.6442    0.4012   0.05106    0.0498   0.02968
      8/49     11.9G   0.03779   0.02407  0.005984   0.06784        49       640    0.3296    0.5355     0.348      0.11   0.06472   0.04585   0.02978
      9/49     11.9G   0.04171   0.02129  0.005917   0.06892        61       640    0.6252    0.6277    0.6741    0.4004   0.05173   0.05045   0.02758
     10/49     11.9G   0.03404   0.02071  0.004655   0.05941        37       640     0.616      0.57    0.5896    0.2912   0.05229   0.04836   0.02461
     11/49     11.9G   0.03917    0.0228  0.005602   0.06757        83       640    0.6347    0.6361    0.6645     0.376   0.05389   0.04864   0.02356
     12/49     11.9G   0.03607   0.02236  0.005037   0.06346        69       640    0.7805    0.6033      0.72    0.4226   0.05259    0.0464   0.02521
     13/49     11.9G   0.03523   0.02359  0.004823   0.06364        43       640    0.7215    0.6667     0.727    0.4177   0.05301   0.04772   0.02423
     14/49     11.9G    0.0348   0.02329  0.005027   0.06312        43       640    0.6478    0.7582    0.7501    0.4181   0.05536   0.04696   0.02255
     15/49     11.9G   0.03724   0.02315  0.004629   0.06503        39       640    0.6802    0.7081    0.7529    0.4463   0.05074   0.04774    0.0246
     16/49     11.9G   0.03613   0.02279  0.005065   0.06399       121       640    0.7375    0.5456    0.6766     0.339    0.0536   0.04701   0.01902
     17/49     11.9G   0.03716   0.02286  0.004585   0.06461        79       640    0.6572    0.6439    0.6872     0.401   0.05267   0.04647   0.01783
     18/49     11.9G   0.03565   0.02007  0.004952   0.06067        28       640    0.8071    0.6439    0.7884    0.4751   0.05067   0.04691   0.01942
     19/49     11.9G    0.0347   0.02197  0.004169   0.06085        76       640    0.6068    0.6113    0.6241     0.305   0.05737   0.04608   0.02087
     20/49     11.9G   0.03563   0.02149   0.00397   0.06109        45       640    0.7349    0.7074    0.7805    0.4638   0.05368   0.04636   0.02106
     21/49     11.9G   0.03394   0.02102   0.00471   0.05967        26       640     0.764    0.7562    0.7991    0.4717   0.05257   0.04631   0.02151
     22/49     11.9G   0.03427   0.02523  0.004381   0.06387        89       640    0.8503    0.7444    0.8373    0.5223   0.05085    0.0452   0.01901
     23/49     11.9G   0.03335      0.02   0.00353   0.05688        64       640     0.783    0.6855    0.8058    0.4718   0.05321   0.04571   0.01799
     24/49     11.9G   0.03362   0.01921  0.004135   0.05697        43       640    0.7075    0.8183    0.8157     0.479   0.05462   0.04625   0.01716
     25/49     11.9G   0.04003   0.02242  0.004114   0.06657        11       640    0.5764    0.6711     0.714    0.3929   0.05051   0.04651   0.02318
     26/49     11.9G   0.04099   0.02227  0.005431   0.06869       108       640    0.4987    0.5324    0.5189     0.209   0.07014   0.04082   0.02118
     27/49     11.9G   0.04233   0.02262  0.004929   0.06988        46       640    0.6978    0.5944    0.6217    0.3667   0.06857   0.04054   0.01479
     28/49     11.9G   0.04218    0.0226  0.004762   0.06954        62       640    0.4926    0.6258    0.5721    0.3313   0.07325   0.03654   0.01673
     29/49     11.9G   0.04407   0.02157  0.006088   0.07173        61       640    0.5576    0.7574    0.6664    0.2827   0.07161   0.03562   0.01621
     30/49     11.9G   0.03965   0.02268  0.005959   0.06828        70       640    0.6669    0.6943    0.7188    0.4248   0.06824   0.03355   0.01174
     31/49     11.9G   0.03936   0.02212  0.004793   0.06628        78       640    0.6547    0.7246    0.7216    0.4176   0.06042   0.03725    0.0129
     32/49     11.9G    0.0371   0.02673  0.004446   0.06828        79       640    0.7073    0.7212    0.7348    0.3504    0.0632   0.03679   0.01442
     33/49     11.9G   0.03786   0.02253  0.004316    0.0647        58       640    0.7496    0.7658    0.8077    0.4925   0.05888   0.03962     0.013
     34/49     11.9G   0.03578   0.02249   0.00427   0.06254        98       640    0.8443    0.7431    0.8344    0.5227   0.05415    0.0423    0.0132
     35/49     11.9G   0.03341   0.02203  0.004128   0.05956        74       640    0.8156     0.764     0.836    0.4809   0.05497   0.04399   0.01332
     36/49     11.9G   0.03373   0.02518  0.004623   0.06353        55       640    0.7573    0.7899    0.7941    0.4226   0.05614   0.04199   0.01295
     37/49     11.9G   0.03199   0.02313  0.004115   0.05924        96       640    0.7916    0.7978    0.8442    0.5446   0.05242   0.04227   0.01413
     38/49     11.9G   0.03079    0.0204  0.003341   0.05453        46       640    0.7666    0.7739    0.8275    0.5034   0.05199   0.04408   0.01426
     39/49     11.9G   0.03288    0.0212  0.004096   0.05817       103       640    0.8077    0.7673    0.8397    0.5534   0.05573   0.04314   0.01446
     40/49     11.9G   0.03248   0.02158  0.003215   0.05727        38       640    0.7967    0.8151    0.8501    0.5593   0.05367   0.04515   0.01415
     41/49     11.9G   0.03336   0.01868  0.003405   0.05544        41       640    0.7957    0.8137    0.8512    0.5231   0.05425   0.04701   0.01435
     42/49     11.9G   0.03196   0.01927   0.00298    0.0542        49       640    0.7809    0.7772    0.8451    0.5193   0.05344    0.0484   0.01505
     43/49     11.9G   0.02896    0.0237  0.003617   0.05627        70       640    0.8561    0.7627    0.8712    0.5822   0.05134   0.04703   0.01439
     44/49     11.9G   0.03028   0.01953  0.003882   0.05369        58       640    0.8553    0.7687    0.8701    0.5657   0.05046   0.04671   0.01426
     45/49     11.9G   0.02785   0.01997  0.002994   0.05081        35       640    0.8466    0.7706    0.8708     0.606   0.05089   0.04595   0.01436
     46/49     11.9G   0.03007   0.02197  0.002761   0.05479        23       640    0.7669    0.8438    0.8737    0.5828   0.05182    0.0459   0.01433
     47/49     11.9G   0.02922   0.02126  0.003583   0.05407        85       640    0.8284    0.7883    0.8722    0.5806   0.05093   0.04654   0.01488
     48/49     11.9G   0.02843   0.01761  0.002882   0.04893        61       640    0.8348    0.7976     0.862    0.5874   0.05041   0.04862   0.01506
     49/49     11.9G   0.02901   0.02105  0.002934     0.053        75       640    0.8188    0.8146    0.8721    0.5742   0.04961   0.04824   0.01475
