      0/49     1.55G   0.03425   0.03648   0.03462    0.1054        30       640    0.5305    0.6881    0.6532    0.4466   0.04364   0.05958   0.02823
      1/49     10.6G   0.03292   0.03328   0.02308   0.08928        19       640    0.5657    0.6855    0.6723    0.4514   0.04442   0.05648   0.02902
      2/49     12.3G     0.032    0.0286   0.01449   0.07508        60       640    0.5745    0.7171    0.7002    0.4569    0.0453   0.05441   0.03029
      3/49     12.3G   0.03242    0.0267   0.01043   0.06955        98       640    0.6375    0.7327    0.7291    0.4911   0.04544   0.05329   0.02802
      4/49     12.3G    0.0335   0.02657  0.009216   0.06928        76       640     0.709    0.7021    0.7643    0.5024   0.04529    0.0524   0.02851
      5/49     12.3G   0.03404   0.02662  0.009381   0.07004       112       640    0.7907     0.645     0.767    0.4836   0.04434   0.05243   0.02934
      6/49     12.3G    0.0319   0.02349  0.007391   0.06278        40       640    0.7884    0.6727    0.7857    0.5162   0.04427   0.05207    0.0246
      7/49     12.3G   0.03353   0.02447   0.00627   0.06427        88       640    0.5673    0.7018    0.6478    0.3686   0.05108    0.0502   0.02476
      8/49     12.3G   0.04021   0.02299  0.005825   0.06902        54       640    0.4758    0.6301    0.5106    0.2142    0.0646   0.04586   0.02417
      9/49     12.3G    0.0409   0.01991  0.006603   0.06741        81       640     0.676    0.6713    0.7104    0.3286   0.05405   0.05045   0.02061
     10/49     12.3G   0.03733   0.01982  0.005887   0.06304        38       640    0.7342    0.7511    0.7903    0.4099   0.04899   0.04945   0.02021
     11/49     12.3G   0.03699    0.0237  0.006363   0.06706        89       640    0.7294    0.6345    0.7366    0.3915   0.05532   0.04593   0.02076
     12/49     12.3G   0.03698   0.02196  0.005182   0.06411        61       640    0.7278    0.7451    0.7845    0.4753   0.04839   0.04788    0.0203
     13/49     12.3G   0.03613   0.02281  0.005334   0.06428        59       640    0.6968    0.7503    0.7792    0.4788   0.05184   0.04786   0.01899
     14/49     12.3G   0.03578   0.02301  0.006206     0.065        39       640    0.7129    0.7496    0.7857    0.4437   0.05251    0.0466   0.01887
     15/49     12.3G   0.03564   0.02348   0.00541   0.06453        46       640    0.7691    0.7564    0.8037    0.4735   0.04977   0.04823   0.01866
     16/49     12.3G   0.03958   0.02282  0.004534   0.06693       140       640    0.6785    0.7228    0.7012    0.3628    0.0545   0.04815   0.01754
     17/49     12.3G   0.03585   0.02116  0.005137   0.06215        65       640    0.9159    0.6753    0.8405    0.5641   0.05141   0.04632   0.01597
     18/49     12.3G   0.03679   0.01977  0.005498   0.06206        42       640     0.806     0.713    0.8137    0.5066    0.0521   0.04783   0.01749
     19/49     12.3G    0.0338   0.02116   0.00464    0.0596        70       640    0.7587    0.7279    0.8184    0.4594   0.05188    0.0459   0.01743
     20/49     12.3G   0.03767   0.02131  0.004639   0.06362        44       640    0.6004    0.6777    0.6456    0.3695   0.06056   0.04265   0.01658
     21/49     12.3G   0.03697   0.02095  0.006044   0.06396        42       640    0.5714    0.7261    0.6847    0.3617   0.05633   0.04249   0.01497
     22/49     12.3G   0.03612   0.02515  0.004945   0.06621        73       640    0.8059    0.8063    0.8417    0.5704   0.04996   0.04285    0.0151
     23/49     12.3G   0.03382   0.02062  0.003941   0.05838        51       640    0.6822    0.8183    0.7966    0.3944   0.05308   0.04425    0.0143
     24/49     12.3G   0.03486    0.0199  0.004143    0.0589        40       640     0.795    0.7547    0.8223    0.4579   0.05584   0.04358   0.01429
     25/49     12.3G    0.0395    0.0228  0.004646   0.06694        12       640    0.6341    0.6445    0.6799    0.4046   0.06489   0.04052   0.01345
     26/49     12.3G   0.04747   0.02106  0.005763   0.07429       111       640    0.6627     0.623    0.6845    0.4381   0.06579   0.04137   0.01337
     27/49     12.3G   0.04067   0.02169  0.005945    0.0683        66       640    0.8327    0.7095    0.7917    0.4435   0.06759   0.03769   0.01223
     28/49     12.3G    0.0436   0.02285  0.006298   0.07275        61       640    0.6351    0.5909    0.6413    0.3027   0.07091   0.03775   0.01351
     29/49     12.3G   0.04617   0.02284   0.00654   0.07555        63       640    0.7243    0.7197    0.7566     0.479   0.06838   0.03867   0.01377
     30/49     12.3G   0.04088   0.02193   0.00714   0.06995       102       640    0.7806    0.6359    0.7472    0.4563   0.06589   0.03978   0.01387
     31/49     12.4G   0.04217   0.02132  0.007398   0.07089        67       640    0.7282    0.6293    0.6604    0.3605    0.0632   0.03937   0.02245
     32/49     12.4G   0.04194   0.02658  0.008068   0.07659       114       640    0.8483     0.636    0.7466    0.3646   0.06491   0.03772   0.02126
     33/49     12.4G   0.03711   0.02363  0.007015   0.06775        76       640    0.8655    0.6786    0.8149    0.4737   0.05834   0.04024   0.01888
     34/49     12.4G   0.03845   0.02153  0.006178   0.06616       106       640    0.6319    0.6172    0.6963    0.4021   0.05877   0.04012   0.01884
     35/49     12.4G   0.03753   0.02141  0.006438   0.06538        70       640    0.7453    0.7055    0.7684    0.4237   0.05416   0.04114   0.01693
     36/49     12.4G   0.03675   0.02576  0.005823   0.06834        68       640    0.8729    0.6386    0.8201    0.5202   0.05304   0.04076   0.01713
     37/49     12.4G   0.03323   0.02239  0.005152   0.06077        79       640    0.7588    0.7802    0.8468    0.5673   0.04816   0.04211    0.0175
     38/49     12.4G   0.03308   0.02025  0.004685   0.05801        36       640    0.8543    0.7287    0.8535    0.5627   0.04895   0.04381   0.01583
     39/49     12.4G   0.03411   0.02381  0.004234   0.06216       179       640    0.8086    0.8016    0.8547     0.557   0.04749   0.04491   0.01413
     40/49     12.4G   0.03162   0.02266  0.003785   0.05806        32       640    0.8629    0.7883     0.858     0.574   0.04505   0.04502   0.01408
     41/49     12.4G    0.0322   0.02009    0.0032   0.05549        55       640    0.8378    0.8008    0.8646    0.5328   0.04746   0.04574   0.01345
     42/49     12.4G    0.0361   0.01903  0.004024   0.05915        66       640    0.7981    0.7242    0.8156    0.5312   0.05197   0.04574   0.01325
     43/49     12.4G   0.03378   0.02431  0.004679   0.06277        63       640    0.8699    0.7603    0.8624    0.5437   0.04734   0.04679   0.01292
     44/49     12.4G   0.03255   0.01999    0.0041   0.05664       105       640    0.7993    0.7815    0.8245    0.4722   0.04696   0.04601   0.01331
     45/49     12.4G   0.03166   0.02161  0.003848   0.05711        41       640     0.863    0.7851     0.863    0.6001    0.0435   0.04599   0.01332
     46/49     12.4G   0.02957   0.02197  0.003566    0.0551        26       640    0.8627    0.7944    0.8717    0.5607   0.04369   0.04672   0.01331
     47/49     12.4G   0.03028   0.02026  0.003029   0.05358        96       640    0.8702     0.801    0.8769     0.597   0.04395    0.0471   0.01343
     48/49     12.4G   0.03053   0.01813  0.003981   0.05264        59       640    0.8607    0.8093    0.8817    0.6214   0.04257   0.04812   0.01306
     49/49     12.4G   0.02834   0.02118  0.003809   0.05333        75       640    0.8465    0.8259    0.8853    0.6225   0.04341   0.04828    0.0126
