      0/49     1.42G   0.03645   0.07096   0.04204    0.1495        93       640    0.5852    0.5868    0.6069    0.4045   0.05103    0.1028   0.03195
      1/49     10.6G   0.03404   0.05918   0.02642    0.1196        99       640    0.5607    0.6239    0.6155    0.4058   0.05066   0.09311   0.03401
      2/49     12.3G   0.03141   0.05398   0.01627    0.1017       160       640    0.6781    0.5857    0.6577    0.4471   0.04882   0.08718   0.03554
      3/49     12.3G    0.0306   0.04941   0.01054   0.09055       153       640    0.7052    0.5803    0.7069    0.4665   0.04972   0.08449   0.03652
      4/49     12.3G   0.02962   0.04614  0.009013   0.08477       210       640    0.7165    0.6599    0.7524    0.5124   0.04824   0.08699    0.0345
      5/49     12.3G   0.03149   0.04484  0.007777   0.08411       222       640    0.7222    0.7062    0.7895    0.5319   0.05082   0.08676   0.03271
      6/49     12.3G   0.03099   0.04375  0.006401   0.08114       144       640    0.7596    0.7357    0.8237    0.5651    0.0497    0.0864   0.03148
      7/49     12.3G   0.03175   0.04159  0.005707   0.07905       165       640    0.7985    0.7654    0.8519    0.5858   0.04817   0.08782     0.029
      8/49     12.3G   0.03767    0.0412  0.005286   0.08415       115       640    0.7005    0.7273    0.7662    0.3351   0.05948    0.0876   0.02797
      9/49     12.3G   0.03964   0.03637  0.004823   0.08083       160       640    0.6957    0.5995    0.6692    0.3227   0.06162   0.08465   0.02627
     10/49     12.3G   0.03654   0.03677  0.005553   0.07887        56       640    0.7396    0.7589    0.7882    0.4786   0.05687   0.08475   0.02569
     11/49     12.3G   0.03384   0.04045  0.005529   0.07982       185       640    0.7305    0.8042    0.8156    0.4883    0.0576   0.08247   0.02301
     12/49     12.3G   0.03713   0.03987  0.004583   0.08159       181       640    0.6989    0.8156    0.7467    0.3953   0.05961   0.08041    0.0219
     13/49     12.3G   0.03615   0.04243  0.005652   0.08424       100       640    0.7683     0.826    0.8166    0.4736   0.05781    0.0837    0.0228
     14/49     12.3G   0.03541   0.04064  0.005199   0.08125        86       640    0.8444    0.8215    0.8393    0.5176   0.05349   0.08775   0.02054
     15/49     12.3G   0.03727    0.0414  0.005068   0.08374       144       640     0.675    0.7469    0.7149    0.4027   0.05804   0.08371   0.01945
     16/49     12.3G   0.03568   0.04278   0.00519   0.08365       222       640    0.7174    0.7193    0.7752    0.4081   0.06269   0.07439   0.01724
     17/49     12.3G   0.03985   0.04179  0.005494   0.08713       212       640    0.7369    0.7739    0.7728    0.4256   0.06425   0.07497   0.01746
     18/49     12.3G   0.03725   0.03526  0.005505   0.07802       116       640    0.7086    0.7848    0.7958    0.4197   0.06515   0.07968   0.01698
     19/49     12.3G   0.03923   0.03853  0.005518   0.08328       177       640    0.6243    0.8032    0.6963    0.3482   0.07053   0.07469   0.01792
     20/49     12.3G   0.04144   0.03971  0.006842   0.08799       105       640    0.8397    0.8447    0.8695    0.5129   0.06334   0.07345    0.0206
     21/49     12.3G   0.03769   0.04155  0.005815   0.08505       106       640    0.8188    0.7298    0.8125    0.4855   0.06412   0.07232   0.01664
     22/49     12.3G   0.03613   0.04719   0.00487   0.08819       169       640    0.7099    0.7493    0.7952    0.4694   0.06094   0.07435   0.01468
     23/49     12.3G   0.03678   0.03834  0.004533   0.07966       166       640    0.8298    0.7781    0.8602    0.5308   0.05767   0.07828   0.01401
     24/49     12.3G   0.03323   0.03907  0.004649   0.07695       105       640    0.9105    0.8332    0.9182    0.5562   0.05609   0.07875   0.01323
     25/49     12.3G   0.03793   0.03958  0.004644   0.08216        35       640    0.4904    0.7402    0.6212    0.3407   0.08033   0.06608   0.01373
     26/49     12.3G   0.05224   0.03548  0.005765   0.09349       282       640    0.6314    0.6808    0.6713    0.3643   0.08771   0.05796   0.01456
     27/49     12.3G   0.05046     0.035  0.007269   0.09273       141       640    0.8369    0.6799    0.8057    0.4416   0.08751   0.06256   0.01215
     28/49     12.3G   0.04107   0.03591  0.005865   0.08284       127       640    0.6076    0.7657    0.7195    0.3333   0.08355   0.05751  0.009991
     29/49     12.3G   0.04428    0.0369  0.005467   0.08665       172       640    0.9303    0.6365    0.7885    0.4875   0.07824   0.05882   0.01002
     30/49     12.3G   0.04064   0.03691   0.00623   0.08378       187       640    0.9226    0.6437     0.801    0.5099   0.07309   0.05995   0.01177
     31/49     12.3G   0.03867   0.03519  0.006239    0.0801       198       640    0.7211     0.692     0.707     0.384   0.07435   0.06052    0.0113
     32/49     12.3G   0.03733   0.04102  0.005752    0.0841       204       640    0.9286    0.7362    0.8767    0.5344   0.07136   0.06097   0.01182
     33/49     12.3G   0.03688   0.03595  0.005291   0.07813       139       640    0.8157    0.6863    0.7902    0.4652   0.07545   0.06022   0.01095
     34/49     12.3G   0.03823   0.03422  0.005538   0.07798       229       640    0.8375     0.681    0.8415    0.5073   0.07728   0.05993   0.01129
     35/49     12.3G   0.03881   0.03456  0.005407   0.07878       238       640    0.8337    0.7825    0.8837    0.4995   0.07521   0.05824   0.01115
     36/49     12.3G   0.03891   0.03644  0.004512   0.07987       174       640    0.8889     0.732    0.8803     0.534   0.07244   0.05846   0.01233
     37/49     12.3G   0.03357   0.03482  0.004836   0.07322       136       640    0.9415    0.7955    0.9291    0.6093   0.06791   0.05927   0.01116
     38/49     12.3G   0.03627   0.03308  0.003953    0.0733       103       640    0.8864    0.7769    0.9067    0.5483   0.07136   0.06086  0.009475
     39/49     12.3G   0.03623   0.03555  0.004357   0.07614       265       640    0.8131    0.8893    0.9001    0.5803   0.07377   0.05734  0.008194
     40/49     12.3G   0.03538   0.03688  0.003914   0.07617       128       640    0.7642    0.8814    0.8828    0.5485   0.07163   0.05865  0.008079
     41/49     12.3G   0.03568   0.03339  0.004048   0.07311       135       640    0.8146    0.8375    0.8897    0.5044   0.07229   0.06123  0.008123
     42/49     12.3G   0.03534   0.03425  0.004225   0.07381       152       640    0.8538    0.8354    0.8986    0.5628   0.07025   0.06352  0.007783
     43/49     12.3G   0.03204   0.03701  0.004253    0.0733       117       640    0.9001    0.9014    0.9453    0.6223   0.06315   0.06383  0.007443
     44/49     12.3G   0.03141   0.03513  0.004353   0.07089       254       640    0.9586    0.8487    0.9511    0.6379   0.06021   0.06389  0.007087
     45/49     12.3G   0.03243   0.03806  0.003812    0.0743       106       640    0.9604    0.7683    0.9212    0.5688    0.0638   0.06313  0.006961
     46/49     12.3G     0.032   0.03756  0.003476   0.07303        87       640    0.9105    0.8665    0.9533    0.5939   0.06057   0.06189  0.007059
     47/49     12.3G   0.03052    0.0358  0.003935   0.07025       155       640     0.923    0.8581    0.9569    0.6454   0.06027   0.06127  0.007187
     48/49     12.3G   0.03182   0.03047  0.003783   0.06607       128       640    0.8956    0.8721    0.9482    0.6047   0.05954   0.06526  0.007418
     49/49     12.3G   0.02951   0.03489  0.003551   0.06795       172       640    0.8909    0.9025    0.9567    0.5382   0.06224   0.06588  0.007281
