      0/49     2.05G   0.03502   0.02631   0.03455   0.09588        34       640    0.3045    0.5582    0.3265    0.2258   0.05053   0.04627   0.02683
      1/49     7.75G   0.03516     0.021   0.01455   0.07071        38       640    0.3886    0.4553    0.3399    0.2249   0.05441   0.04465   0.02298
      2/49     9.49G   0.03723   0.01905   0.00993   0.06621        44       640    0.3504    0.4906    0.2924    0.1577   0.06254   0.04125   0.02254
      3/49     9.49G   0.03737   0.01851  0.006694   0.06257        55       640    0.3393    0.4245    0.2706     0.117   0.06251   0.04073   0.01782
      4/49     9.51G   0.04228   0.01588  0.006429   0.06459        50       640    0.4477    0.3958     0.338    0.1666   0.06455   0.03754   0.01639
      5/49     9.51G   0.03965    0.0154   0.00736   0.06242        61       640    0.3802    0.4578    0.3763     0.214     0.061   0.03922   0.01163
      6/49     9.51G   0.03824   0.01816  0.006555   0.06296        45       640    0.3151    0.6217    0.3534    0.1699    0.0613   0.03737   0.01361
      7/49     9.51G   0.04121   0.01786  0.006678   0.06575        18       640    0.3498    0.5671    0.3244    0.1771   0.07408    0.0352   0.01546
      8/49     9.51G   0.04299   0.01628   0.01058   0.06985        95       640     0.141    0.3705    0.1367   0.05722   0.08157   0.03551   0.01821
      9/49     9.51G   0.05389   0.01704   0.01156   0.08248        40       640    0.2842    0.2197    0.1865   0.08121   0.08471   0.03702   0.01737
     10/49     9.51G    0.0516   0.01744   0.01183   0.08087        66       640    0.2368    0.2631    0.1427   0.05429   0.08575   0.04217   0.01489
     11/49     9.51G    0.0455   0.01651   0.01154   0.07354        64       640   0.09462    0.4342     0.108   0.03788   0.09597   0.02543   0.01607
     12/49     9.51G   0.05542   0.01473  0.009728   0.07987        46       640    0.2133    0.5729    0.2461    0.1024   0.08852   0.03081   0.01421
     13/49     9.51G   0.05594   0.01569   0.01095   0.08257        31       640    0.3031    0.2693    0.2654    0.1139   0.09423   0.02928    0.0126
     14/49     9.51G   0.05867   0.01682   0.01675   0.09224       121       640   0.01581   0.06475  0.006141   0.00187     0.105   0.04239   0.03069
     15/49     9.51G   0.04934   0.01618   0.01584   0.08135        15       640    0.4245    0.1795   0.05733   0.02287    0.1073   0.03126   0.02016
     16/49     9.51G   0.06061   0.01569   0.01992   0.09622        28       640    0.4729   0.06706    0.0282  0.009578    0.1068   0.03647     0.026
     17/49     9.51G   0.05859   0.01644   0.01878   0.09381        37       640    0.4382    0.1149    0.0645   0.02212    0.1162   0.03614   0.05673
     18/49     9.51G   0.06568   0.01632   0.01816    0.1002        27       640    0.3424  0.009592  0.001388  0.000462    0.1161   0.05163   0.07627
     19/49     9.51G   0.06734   0.01676   0.01943    0.1035        82       640  0.001135   0.03357 0.0001431 3.232e-05    0.1244   0.06846    0.4474
     20/49     9.51G    0.0631   0.01572   0.01669    0.0955        71       640  0.009678  0.009592 0.0004467  0.000131    0.1195   0.06402    0.7802
     21/49     9.51G   0.05695   0.01674   0.01535   0.08904        55       640  0.003762   0.07905 0.0005673 0.0001546    0.1124   0.06144    0.5692
     22/49     9.51G   0.06523   0.01634   0.01644   0.09801       134       640 0.0006662   0.04556 0.0001005 2.509e-05    0.1264     0.166    0.2653
     23/49     9.51G   0.06779   0.01606   0.01801    0.1019        22       640 9.651e-05  0.002398 1.246e-06 3.737e-07    0.1555   0.08513     7.594
     24/49     9.51G   0.06201   0.01427   0.01697   0.09324        12       640    0.3919   0.05276    0.0181  0.004311    0.1086   0.02861   0.05319
     25/49     9.51G   0.05993   0.01843   0.01453   0.09289       124       640    0.3407   0.01199 0.0004782 0.0001098    0.1225   0.04181    0.3117
     26/49     9.51G   0.06735   0.01497   0.01628    0.0986        23       640    0.6978   0.01679  0.004136  0.001428    0.1285   0.05389    0.3707
     27/49     9.51G   0.06862   0.01635   0.01985    0.1048        75       640  0.003019   0.05027 0.0004691 0.0001298    0.1244   0.07559    0.2949
     28/49     9.51G   0.06336   0.01788    0.0157   0.09694        34       640    0.4216   0.06715   0.03166    0.0131    0.1055   0.04294    0.1609
     29/49     9.51G   0.05766   0.01777   0.01422   0.08965        31       640    0.7633   0.09106   0.05861   0.02302   0.09251    0.0385   0.02949
     30/49     9.51G   0.05817   0.01754    0.0157    0.0914        90       640    0.4363    0.1389   0.06555   0.02296   0.08327   0.04024   0.01598
     31/49     9.51G   0.05722   0.01728    0.0149    0.0894        67       640    0.1004    0.2705   0.09966   0.03306   0.08648   0.03671   0.02047
     32/49     9.51G   0.05303   0.01938   0.01415   0.08657       142       640    0.1066    0.2393   0.09385   0.03315   0.08592   0.03574   0.01999
     33/49     9.51G   0.05409   0.01787    0.0145   0.08646        28       640    0.4464     0.206    0.1087    0.0453    0.0856    0.0355   0.01642
     34/49     9.51G    0.0535   0.01867   0.01546   0.08763        49       640    0.4437     0.182   0.09536   0.03653   0.08086   0.03721   0.01615
     35/49     9.51G   0.05194   0.01817   0.01342   0.08352        76       640    0.4858    0.2893    0.1314   0.05194   0.08486   0.03527   0.01588
     36/49     9.51G   0.05532   0.01796   0.01404   0.08732       110       640    0.5173    0.2871    0.1411   0.04801   0.08004   0.03614   0.01526
     37/49     9.51G   0.05226   0.01865   0.01421   0.08512        63       640    0.1568    0.3181    0.1251   0.05113   0.08118   0.03651   0.01445
     38/49     9.51G   0.05382   0.01791   0.01328   0.08501        65       640    0.4898    0.3013    0.1392   0.05894   0.07776   0.03594   0.01562
     39/49     9.51G   0.05069   0.01838   0.01296   0.08204       104       640    0.5476     0.256    0.1618   0.06841   0.07906   0.03559   0.01597
     40/49     9.51G   0.05256   0.01732   0.01293   0.08281        62       640    0.6269    0.1961    0.1747   0.06347   0.08117   0.03631   0.01711
     41/49     9.51G   0.05108   0.01876   0.01255   0.08239       112       640    0.5286    0.2797    0.1838   0.07173    0.0785   0.03556   0.01502
     42/49     9.51G     0.049   0.01866    0.0118   0.07946        44       640    0.6111    0.2694    0.1879   0.07727   0.07979   0.03468   0.01465
     43/49     9.51G   0.04766   0.01853   0.01283   0.07901       119       640    0.6358    0.2939    0.2171   0.08456   0.07732   0.03591   0.01331
     44/49     9.51G   0.04666   0.01782   0.01191    0.0764         9       640    0.6021     0.246    0.2159    0.0824    0.0755   0.03634   0.01356
     45/49     9.51G   0.04345   0.01739   0.01255    0.0734        86       640    0.5943    0.2566     0.205   0.08635   0.07902   0.03465   0.01362
     46/49     9.51G   0.04609   0.01642   0.01111   0.07362        90       640    0.6371    0.2508    0.2324   0.09473   0.07916    0.0353   0.01333
     47/49     9.51G   0.04593   0.01812   0.01151   0.07556       100       640     0.614    0.2724    0.1973   0.09181   0.07662   0.03596   0.01325
     48/49     9.51G   0.04424   0.01745   0.01085   0.07255        24       640    0.6137    0.3298    0.2197    0.1022   0.07539   0.03657   0.01332
     49/49     9.51G   0.04447   0.01667   0.01194   0.07308        32       640    0.6366    0.2887     0.222   0.09926   0.07634   0.03622   0.01346
