      0/49     9.68G   0.03587   0.03593   0.03676    0.1086       175       640    0.7214    0.5592    0.6776    0.4727   0.04952   0.08287   0.03108
      1/49     9.61G   0.03195   0.03281   0.02105   0.08581       110       640    0.6742    0.6174    0.6784    0.4761   0.04985   0.07825   0.03204
      2/49     10.2G   0.03264   0.03145   0.01424   0.07833       167       640    0.7556    0.5762    0.7069    0.4571   0.04966   0.07516   0.03268
      3/49     10.2G   0.03049   0.02596   0.01039   0.06683       186       640    0.7122    0.6699    0.7566    0.4902   0.05008   0.07397   0.03016
      4/49     10.2G   0.03119   0.02709  0.008083   0.06637       203       640    0.8185    0.6455    0.7592    0.4452   0.05221   0.06874   0.03133
      5/49     10.2G   0.03229   0.02657  0.007031   0.06589       228       640    0.8454    0.6785    0.7991    0.5016   0.05064   0.06882   0.03041
      6/49     10.2G   0.03283   0.02623  0.007495   0.06655       145       640    0.9038     0.665    0.8067     0.521   0.05005   0.06917   0.02821
      7/49     10.2G   0.03384   0.02357  0.006365   0.06378       184       640    0.5011    0.7498    0.6081    0.2655    0.0606   0.06482   0.02752
      8/49     10.3G   0.04462   0.02219  0.005718   0.07253       163       640    0.6275    0.6297    0.6683    0.4034   0.06666   0.06004   0.02306
      9/49     10.3G   0.04551   0.02176  0.007494   0.07476       244       640    0.6352    0.5745    0.6164    0.2246   0.07236   0.05636   0.02279
     10/49     10.3G   0.04057   0.01982  0.007713    0.0681       207       640    0.8519    0.6661     0.817    0.5167   0.05719   0.06105   0.01998
     11/49     10.3G   0.03848   0.02262  0.005629   0.06673        78       640    0.8108    0.6622    0.8324    0.5163   0.06434    0.0569   0.02071
     12/49     10.3G   0.03699   0.01958  0.006182   0.06275       223       640    0.5431    0.6477    0.6464    0.2899     0.069   0.05784   0.02168
     13/49     10.3G   0.04162   0.02208  0.005772   0.06947       186       640     0.843    0.5899    0.7872    0.3489     0.068   0.05812   0.01992
     14/49     10.3G   0.03811   0.02061  0.006238   0.06496       171       640    0.6297    0.6454    0.7192    0.3782   0.06307   0.05927   0.01737
     15/49     10.3G   0.03944   0.02107  0.006882   0.06739       131       640    0.9019    0.7185    0.8283    0.4605   0.06223   0.05979   0.01778
     16/49     10.3G    0.0382   0.01995  0.005435   0.06358       201       640    0.8217    0.7156    0.8078    0.4742    0.0615   0.06301   0.01779
     17/49     10.3G   0.04009   0.01921  0.005785   0.06508       194       640    0.4622    0.8469    0.6083    0.2698   0.06533    0.0608   0.01687
     18/49     10.3G    0.0374   0.02052    0.0058   0.06371       199       640    0.7811    0.7779    0.8257    0.4847   0.05885   0.06046   0.01842
     19/49     10.3G   0.03875   0.02067  0.005362   0.06478        49       640    0.7658    0.8384    0.8591    0.5409    0.0608   0.06093   0.01582
     20/49     10.3G   0.03804   0.02033  0.005163   0.06353       195       640    0.6308    0.7812     0.802    0.3857   0.06186   0.06023   0.01464
     21/49     10.3G   0.03648   0.02218  0.004556   0.06322       174       640    0.9082    0.6715    0.8285    0.4968   0.06012     0.059   0.01558
     22/49     10.3G   0.03667   0.02017  0.004713   0.06156       218       640    0.8564     0.732    0.8231    0.5034    0.0593   0.06442   0.01573
     23/49     10.3G   0.04126   0.01825  0.004812   0.06433       204       640    0.5311    0.6775    0.5299    0.2342   0.07197   0.06119   0.01784
     24/49     10.3G   0.04783   0.02003  0.006216   0.07408       242       640    0.6673    0.5881    0.6702     0.242   0.07349    0.0576   0.01597
     25/49     10.3G   0.04225   0.02219  0.006515   0.07096       221       640     0.805    0.5923    0.6944    0.2804   0.07671   0.05303   0.01047
     26/49     10.3G   0.04053   0.02076  0.005596   0.06689       269       640    0.7849    0.5405    0.6604    0.2869   0.07201   0.05308   0.01032
     27/49     10.3G   0.04157   0.02055  0.005281    0.0674       121       640    0.7483    0.6736    0.7221     0.388   0.07129   0.05179    0.0132
     28/49     10.3G   0.04124   0.02156  0.005612   0.06841       121       640    0.7867    0.7123    0.7604    0.4827   0.06732   0.05245   0.01058
     29/49     10.3G   0.03984   0.02002  0.004701   0.06455       153       640    0.7592    0.6844    0.7507    0.3949   0.06605   0.05359   0.01037
     30/49     10.3G   0.04161   0.02071  0.005465   0.06778       157       640    0.6511    0.7615    0.7456    0.4311   0.06636   0.05488   0.01326
     31/49     10.3G   0.04157   0.02138  0.005601   0.06855       172       640    0.8977    0.7808    0.8641    0.5387   0.06451   0.05429   0.01098
     32/49     10.3G   0.03988   0.02064  0.004668   0.06519       159       640    0.6176    0.6358    0.6687    0.2742   0.07072   0.05237   0.01035
     33/49     10.3G   0.03911    0.0194  0.004787   0.06329       172       640    0.9036    0.7186    0.8323    0.4521   0.06288   0.05603   0.01164
     34/49     10.3G   0.03751   0.02164  0.004557    0.0637       290       640    0.6379    0.7615    0.7634    0.4279   0.06365   0.05366   0.01034
     35/49     10.3G   0.03782   0.02186  0.004623    0.0643       212       640    0.8799    0.7228     0.826    0.4856   0.06104   0.05715  0.009708
     36/49     10.3G   0.03561   0.02339  0.004482   0.06349       234       640    0.9235    0.7576    0.8555    0.5398   0.05885   0.05812  0.008223
     37/49     10.3G   0.03284    0.0221  0.003914   0.05886       126       640    0.9012     0.774    0.8819    0.6233   0.05343   0.05845  0.008817
     38/49     10.3G   0.03596   0.02247  0.004458   0.06289       210       640    0.8357    0.7517    0.8471    0.5356     0.057   0.06051  0.009838
     39/49     10.3G   0.03671   0.02395  0.004802   0.06546       177       640    0.8546    0.7584    0.8466    0.4648   0.05495   0.06216  0.009295
     40/49     10.3G   0.03221   0.02336  0.004517   0.06009       167       640    0.8855    0.8332    0.8834    0.5906   0.05286   0.06061  0.008998
     41/49     10.3G   0.03167   0.02494  0.003604   0.06022       193       640    0.8814    0.8037    0.8896     0.603     0.052   0.05889  0.008695
     42/49     10.3G   0.03232   0.02766  0.004068   0.06405       158       640     0.804    0.8012    0.8623    0.5346   0.05259   0.05736   0.01011
     43/49     10.3G   0.03046   0.02404  0.004382   0.05888       215       640    0.8994    0.8095    0.8852    0.6319   0.04754   0.05804   0.01022
     44/49     10.3G   0.02977   0.02555  0.003786   0.05911       155       640    0.9398    0.7772    0.8869    0.5936   0.04804   0.05567  0.009096
     45/49     10.3G   0.02963   0.02323  0.003755   0.05662       174       640    0.8675    0.8012    0.8867      0.59   0.05311   0.05203  0.008217
     46/49     10.3G   0.02979   0.02259  0.003421    0.0558       338       640    0.9211    0.8052     0.908    0.6228   0.04871   0.05233  0.007908
     47/49     10.3G   0.02876   0.02084  0.003165   0.05276       185       640    0.9075     0.821    0.9329     0.624   0.04979   0.05289  0.007663
     48/49     10.3G   0.02832   0.02203  0.002908   0.05326       186       640    0.8458    0.8845    0.9302    0.6337   0.04908   0.05424  0.008193
     49/49     10.3G   0.02732   0.02266  0.003085   0.05307       216       640    0.9068    0.7971    0.9268    0.6328   0.04993   0.05528  0.009302
