      0/49     1.58G   0.03696    0.0722   0.04241    0.1516        90       640    0.5367    0.5598    0.5494    0.3671   0.05018   0.09421   0.03334
      1/49     10.8G   0.03466   0.06025   0.02645    0.1214       103       640    0.4866    0.6276     0.536    0.3372   0.05208   0.08655   0.03474
      2/49     12.6G   0.03159   0.05431   0.01657    0.1025       162       640    0.5349    0.6086    0.5928     0.389   0.04985   0.08202   0.03674
      3/49     12.6G   0.03028   0.04983   0.01109    0.0912       151       640    0.6152    0.6149    0.6562      0.43   0.04908   0.07954   0.03762
      4/49     12.6G   0.03005   0.04651  0.008874   0.08543       207       640    0.7064    0.6119    0.7097    0.4704   0.04852   0.08226    0.0348
      5/49     12.6G   0.03248   0.04476  0.007643   0.08488       224       640    0.6579    0.7711    0.7768    0.4925   0.05011   0.08153   0.03364
      6/49     12.6G   0.03108     0.044   0.00681   0.08189       142       640    0.7221     0.766    0.8165    0.5508   0.04859   0.08131   0.03088
      7/49     12.6G   0.03176   0.04163  0.005845   0.07924       171       640    0.7682     0.772    0.8324    0.5487   0.05299   0.08077   0.02907
      8/49     12.6G   0.03932   0.04146   0.00538   0.08615       112       640    0.5015    0.6095    0.5276    0.1848   0.06829   0.07626   0.02898
      9/49     12.6G   0.03895   0.03771   0.00548   0.08214       166       640     0.764    0.7004    0.8136    0.4745   0.05504   0.07906   0.02509
     10/49     12.6G   0.03542   0.03824  0.005772   0.07944        51       640    0.5025    0.8615     0.718    0.3308   0.06606   0.07167   0.02413
     11/49     12.6G   0.03774   0.04219  0.005548   0.08548       184       640    0.6518    0.5915    0.6627    0.3445   0.05921   0.07595    0.0228
     12/49     12.6G   0.03908   0.03939  0.005414   0.08388       177       640    0.7255    0.7715    0.7992    0.4188   0.05667   0.07241   0.01864
     13/49     12.6G   0.03722   0.04499  0.005557   0.08777       101       640    0.6028    0.6555    0.6742    0.3557   0.06058   0.07171    0.0198
     14/49     12.6G   0.03628    0.0413  0.006165   0.08374        89       640    0.7302     0.741    0.8194    0.4668   0.05653   0.07329   0.01821
     15/49     12.6G   0.03683   0.04463  0.005638   0.08709       139       640    0.6857    0.7554    0.7271    0.4338    0.0612   0.07244   0.01951
     16/49     12.6G   0.03813   0.04541   0.00561   0.08915       224       640    0.8177    0.7823    0.8548    0.5405   0.05661   0.07233    0.0198
     17/49     12.6G    0.0376   0.04312  0.005446   0.08617       214       640    0.7008    0.8211     0.827    0.4563   0.06028   0.06381   0.01748
     18/49     12.6G   0.03678    0.0368   0.00476   0.07835       116       640    0.6706    0.8391    0.8197    0.3785   0.05847   0.06523   0.01643
     19/49     12.6G   0.03788   0.03962  0.004969   0.08247       184       640    0.8564    0.8613    0.8846    0.5773   0.06219   0.06295   0.01749
     20/49     12.6G    0.0343   0.03976  0.005023   0.07908       117       640    0.8139    0.8121    0.8851    0.5461   0.05952   0.06734   0.01547
     21/49     12.6G   0.03995   0.04202  0.004665   0.08664       112       640    0.8724    0.7392    0.8715    0.4416   0.06482    0.0626   0.01636
     22/49     12.6G    0.0403   0.04476  0.005711   0.09077       168       640    0.8155    0.8057    0.8917    0.5492   0.06593   0.06308   0.01361
     23/49     12.6G   0.03639   0.03906  0.005826   0.08128       172       640     0.866    0.8336    0.9224    0.5614   0.05641   0.07371   0.01238
     24/49     12.6G   0.03523   0.03878  0.004903   0.07891       102       640    0.9241    0.7056     0.877    0.4743   0.06122   0.07371   0.01146
     25/49     12.6G   0.04223    0.0442  0.005218   0.09165        36       640    0.5522    0.6749    0.5969    0.3339   0.07678   0.06639     0.012
     26/49     12.6G   0.04607   0.04036   0.00639   0.09282       275       640    0.6476    0.8038    0.7721    0.4197    0.0742   0.05937  0.009116
     27/49     12.6G   0.04544   0.04353  0.007026   0.09599       138       640    0.6083    0.8403    0.7862    0.3732   0.08705   0.04793   0.01018
     28/49     12.6G   0.04428   0.03404  0.006876   0.08519       127       640    0.8898     0.603    0.7874    0.3672   0.08997   0.04566  0.009254
     29/49     12.6G   0.04302   0.03604  0.006676   0.08574       177       640    0.8025    0.7688     0.851    0.3691   0.08086   0.05173  0.008176
     30/49     12.6G   0.04139   0.03657  0.005215   0.08318       179       640    0.8291    0.7831    0.8779    0.4789   0.07902   0.04628  0.007762
     31/49     12.6G   0.04154   0.03364  0.005053   0.08024       207       640    0.7449    0.7746    0.8317    0.4985   0.09182   0.03935   0.00834
     32/49     12.6G   0.04436   0.03645  0.006217   0.08703       198       640    0.7494    0.8248    0.8467    0.3796   0.08425   0.04508   0.01163
     33/49     12.6G   0.04116   0.03385  0.005654   0.08066       142       640    0.9052    0.7829    0.8881     0.491   0.08167   0.04798  0.009658
     34/49     12.6G    0.0375   0.03426  0.004837   0.07659       233       640    0.8089     0.808    0.8784    0.5343   0.08222   0.04576  0.008305
     35/49     12.6G   0.03847   0.03413  0.004345   0.07694       246       640    0.8189    0.8141    0.8729    0.4946   0.07969   0.04534  0.009104
     36/49     12.6G   0.03831   0.03827  0.004515    0.0811       175       640    0.8535     0.796    0.8976    0.5978   0.07974   0.04512  0.009038
     37/49     12.6G   0.03744   0.03548  0.004655   0.07758       137       640     0.756    0.7123    0.8309    0.4892   0.07984   0.04467  0.008611
     38/49     12.6G    0.0368   0.03314  0.004489   0.07443       101       640    0.8597    0.8858    0.9291    0.6404   0.07737   0.04446  0.008473
     39/49     12.6G   0.03379   0.03723  0.004422   0.07544       255       640     0.814    0.7958    0.8889    0.5303   0.07399   0.04436  0.008252
     40/49     12.6G   0.03188   0.03929  0.003978   0.07515       141       640    0.9041    0.8757    0.9405    0.6712      0.07    0.0437  0.007564
     41/49     12.6G   0.03446   0.03304  0.003601    0.0711       132       640    0.8479    0.8204    0.8759    0.5933   0.07453   0.04352  0.007507
     42/49     12.6G   0.03436    0.0331  0.003847   0.07131       157       640    0.8593    0.8538     0.919    0.6442   0.07337    0.0458  0.007682
     43/49     12.6G   0.03362   0.03492  0.003915   0.07245       125       640    0.8896    0.8482    0.9345    0.6036   0.07557    0.0455  0.007531
     44/49     12.6G   0.03881     0.032  0.004486   0.07529       250       640     0.876    0.8469    0.9317    0.5165    0.0755   0.04642  0.008013
     45/49     12.6G   0.03148   0.03448  0.004089   0.07005       110       640    0.8812    0.9075    0.9512    0.6509   0.07111   0.04757  0.007983
     46/49     12.6G   0.03311   0.03552  0.003688   0.07232        86       640    0.8646    0.7586    0.9108    0.5803   0.07452   0.04699  0.007658
     47/49     12.6G   0.03274   0.03476  0.003981   0.07148       161       640    0.8946    0.8747    0.9536     0.629   0.06652    0.0469  0.007624
     48/49     12.6G   0.03087   0.03052  0.003547   0.06493       130       640    0.8764    0.9204      0.95    0.6351   0.06792   0.04531  0.007551
     49/49     12.6G   0.03125   0.03391  0.003534   0.06869       174       640    0.8802    0.9163    0.9518    0.6605   0.07031   0.04484  0.007602
