      0/49      2.4G   0.03483   0.03827   0.03655    0.1096       194       640    0.7773    0.4839    0.6206    0.4174   0.04931   0.06158   0.03054
      1/49     9.58G   0.03287   0.03475   0.02328   0.09091       146       640    0.7239    0.5432    0.6367    0.4084   0.04796   0.05787   0.03441
      2/49     10.2G   0.03219   0.03127   0.01556   0.07902       193       640    0.6945    0.5995    0.6512    0.4296   0.05003   0.05569   0.03415
      3/49     10.2G   0.03064   0.02602  0.009659   0.06631       171       640    0.7957    0.5823    0.6753    0.4188   0.05034   0.05539   0.03252
      4/49     10.2G   0.03149   0.02831  0.007984   0.06778       211       640    0.7082    0.6614    0.7073    0.3791   0.05312   0.05309   0.03161
      5/49     10.2G   0.03201    0.0266  0.008683    0.0673       209       640    0.7597    0.6669     0.721    0.4647   0.05078   0.05315   0.03199
      6/49     10.2G   0.03257   0.02718  0.006996   0.06674       149       640    0.6841    0.6575    0.6972    0.4459   0.05235   0.05236    0.0318
      7/49     10.2G   0.03283   0.02374  0.005952   0.06252       221       640    0.5376    0.7006    0.5951    0.2764   0.06416   0.04959   0.03102
      8/49     10.2G   0.04729   0.02189   0.00653   0.07571       130       640    0.7746    0.5358    0.6314    0.3814   0.07396   0.04902   0.02568
      9/49     10.2G   0.04071   0.02523  0.007718   0.07366       284       640    0.8455    0.5445    0.6848    0.3826   0.07408   0.04641   0.02399
     10/49     10.2G   0.04152   0.02222  0.008009   0.07174       190       640    0.8639    0.6448    0.7388    0.4457   0.07364    0.0547   0.01875
     11/49     10.2G   0.03959   0.02273  0.008645   0.07097       109       640    0.8471    0.6386    0.7319    0.4218   0.07408    0.0486   0.01841
     12/49     10.2G   0.03805   0.02206  0.009289   0.06941       251       640    0.6902    0.6233    0.6233    0.2747   0.07645    0.0475    0.0168
     13/49     10.2G   0.03898   0.02434  0.009074   0.07239       124       640    0.9581    0.6393    0.7621     0.454   0.06873   0.04783    0.0175
     14/49     10.2G   0.03754   0.02315  0.007554   0.06825       147       640    0.8421    0.6809    0.7587    0.4284   0.07048   0.04803   0.01698
     15/49     10.2G   0.03779   0.02347  0.006839    0.0681       137       640    0.7357    0.7195    0.6734    0.3482   0.06815   0.04635   0.01496
     16/49     10.2G   0.03818   0.02389   0.00692   0.06898       162       640     0.866     0.736    0.7869    0.4812   0.06484    0.0491   0.01526
     17/49     10.2G   0.03798   0.02026  0.007107   0.06535       190       640    0.5359    0.6536    0.5438      0.26   0.07438   0.04795   0.01363
     18/49     10.2G   0.03779   0.02311  0.006059   0.06695       186       640    0.8778    0.6693    0.7707    0.3936    0.0677   0.04756   0.01452
     19/49     10.2G   0.03631   0.02172  0.006324   0.06436        81       640    0.8777    0.6878    0.7852    0.5019   0.06421   0.04755   0.01445
     20/49     10.2G   0.03568   0.02356  0.006043   0.06528       201       640    0.8105    0.7585    0.7783    0.4126   0.06694   0.04573   0.01661
     21/49     10.2G   0.03486   0.02497  0.005547   0.06538       139       640    0.8775    0.7194    0.7918    0.5134   0.06052   0.04655    0.0132
     22/49     10.2G   0.03385   0.02351  0.005387   0.06275       194       640    0.6703    0.7159     0.672    0.3162   0.06617   0.04627   0.01208
     23/49     10.2G   0.04498   0.01983   0.00549    0.0703       181       640    0.4803    0.6154    0.4701    0.2897    0.0906   0.03593    0.0118
     24/49     10.2G    0.0556   0.01643  0.008485   0.08051       141       640    0.6021    0.6631    0.5764    0.2265    0.0892   0.03486    0.0122
     25/49     10.2G   0.05139   0.01711  0.009061   0.07756       284       640    0.8025    0.6715    0.7364    0.3575   0.08908   0.03243  0.009614
     26/49     10.2G   0.04766   0.01688    0.0079   0.07244       200       640    0.8262    0.6258    0.6991    0.3474   0.08264   0.03676  0.009799
     27/49     10.2G   0.04201   0.02056  0.007847   0.07042       104       640    0.7399    0.6654    0.6789    0.3379   0.08451     0.036  0.009773
     28/49     10.2G   0.04174   0.02202  0.007333   0.07109       154       640    0.6108    0.6275    0.6068    0.3709   0.08544   0.03676   0.01043
     29/49     10.2G   0.03807    0.0229  0.006597   0.06756       170       640      0.79    0.6603    0.7219    0.4114   0.08467   0.03282  0.009034
     30/49     10.2G   0.04235   0.01835  0.005562   0.06626       155       640    0.5552    0.5794    0.5571    0.2042   0.08468   0.03361  0.009161
     31/49     10.2G   0.04253   0.02158  0.005785    0.0699       175       640    0.8049    0.6789    0.7083    0.3622   0.08057   0.03054  0.009713
     32/49     10.2G   0.03942   0.01928  0.005159   0.06385       153       640    0.8528      0.73    0.7669    0.4525   0.07734   0.02993  0.007985
     33/49     10.2G   0.03734   0.02095  0.005033   0.06332       230       640    0.8738    0.7165     0.758    0.4286   0.07637   0.02949  0.008308
     34/49     10.2G   0.03694   0.01893  0.004494   0.06036       159       640    0.8343    0.7071    0.7441    0.4308   0.07767    0.0296  0.008074
     35/49     10.2G   0.04098   0.02145  0.005869    0.0683       163       640    0.6742    0.7115    0.6783     0.411   0.07329   0.03156   0.01003
     36/49     10.2G   0.03751   0.02227  0.005798   0.06558       266       640    0.7458    0.7406    0.7338    0.3974   0.07298   0.03119  0.007786
     37/49     10.2G   0.03445   0.02126  0.005282   0.06099       114       640    0.9292    0.6928    0.7792    0.4316   0.06154   0.03345  0.008262
     38/49     10.2G   0.03301   0.02065  0.004553   0.05822       144       640    0.8642    0.7136    0.7716    0.4857   0.07115   0.03181  0.007252
     39/49     10.2G   0.04018   0.01665  0.005053   0.06189       132       640     0.868    0.6787    0.7636     0.436   0.06982   0.03324  0.007542
     40/49     10.2G   0.03574   0.02058  0.004891   0.06121       130       640     0.886     0.711    0.7765    0.4306   0.07026   0.03212   0.00856
     41/49     10.2G   0.03672   0.02148  0.003744   0.06195       217       640    0.8989    0.6708    0.7412    0.3988   0.07896   0.02948   0.01035
     42/49     10.2G   0.03681    0.0209  0.005058   0.06276       121       640    0.9295    0.6739    0.7725    0.4669   0.06892   0.03268   0.01079
     43/49     10.2G   0.03379   0.01973  0.004912   0.05843       240       640    0.8935    0.6891     0.788    0.4847   0.06596   0.03256   0.01004
     44/49     10.2G   0.03378   0.02063  0.004391   0.05881       162       640    0.8969    0.7072    0.7904    0.5047   0.06323   0.03289  0.008552
     45/49     10.2G   0.03223   0.01989  0.003822   0.05594       158       640    0.8618    0.7131    0.7913    0.5403   0.06038    0.0329  0.008225
     46/49     10.2G   0.03075    0.0196  0.003457   0.05381       166       640    0.8912    0.6813    0.8029    0.5458   0.06335   0.03258  0.008236
     47/49     10.2G    0.0306   0.01776  0.003395   0.05175       163       640    0.8658     0.703    0.7987    0.5318   0.05906   0.03323  0.008203
     48/49     10.2G   0.03024   0.01875  0.003145   0.05214       188       640    0.8673    0.6944     0.797    0.5258   0.06196   0.03276  0.008044
     49/49     10.2G   0.02991   0.01889  0.003636   0.05244       227       640    0.8297    0.7518    0.8104    0.5331   0.06135   0.03273  0.008035
