      0/49     1.19G   0.03322   0.03538   0.03898    0.1076        18       640    0.6121    0.5824    0.5961    0.4095   0.04443   0.06124   0.03454
      1/49     10.4G   0.03295   0.03321   0.02424    0.0904        25       640    0.5386     0.583    0.5753    0.3658   0.04537   0.05711   0.03705
      2/49     12.2G   0.03201   0.02977   0.01606   0.07783        53       640    0.5631    0.5603    0.5972    0.3674   0.04474   0.05444   0.03695
      3/49     12.2G   0.03217   0.02851   0.01177   0.07245        75       640    0.5777    0.5777    0.6304     0.391   0.04619    0.0528   0.03439
      4/49     12.2G   0.03168   0.02548  0.008305   0.06547       102       640     0.589    0.5809    0.6328    0.4191   0.04869   0.05387   0.02942
      5/49     12.2G   0.03355   0.02644  0.008831   0.06882       125       640    0.7129    0.5154    0.6485    0.4024   0.04499   0.04988   0.03697
      6/49     12.2G   0.03249    0.0236  0.006598   0.06269        36       640    0.7318    0.5774    0.6864    0.4483   0.04333   0.05144   0.03341
      7/49     12.2G    0.0325   0.02402  0.005912   0.06243        57       640    0.6306    0.6556    0.6737    0.4045   0.04655   0.05165   0.03015
      8/49     12.2G   0.03652   0.02413  0.005712   0.06637        49       640    0.4343    0.5311    0.4156    0.1614   0.06205   0.04631   0.02949
      9/49     12.2G   0.04046   0.02097   0.00582   0.06726        61       640    0.5401    0.5859    0.5198     0.275   0.05543   0.05177   0.02657
     10/49     12.2G   0.03622   0.02049  0.004722   0.06144        37       640    0.6906    0.6171    0.6571    0.3852   0.05001   0.05066   0.02709
     11/49     12.2G   0.03609   0.02256  0.005549   0.06419        83       640    0.7402    0.5753    0.6747    0.3651    0.0483   0.05024   0.02692
     12/49     12.2G   0.03575   0.02185  0.004554   0.06215        69       640    0.7536     0.657    0.7356    0.4436    0.0504   0.04911   0.02482
     13/49     12.2G   0.03522   0.02329  0.004714   0.06322        43       640    0.7502    0.6587    0.7402    0.4591    0.0466   0.05019   0.02469
     14/49     12.2G   0.03566   0.02323   0.00513   0.06402        43       640    0.6544    0.7228    0.7296    0.3756    0.0538    0.0484   0.02187
     15/49     12.2G   0.03835   0.02307  0.004805   0.06623        39       640    0.8027    0.6336     0.763    0.4666   0.04636   0.04919    0.0234
     16/49     12.2G   0.03576    0.0229  0.005109   0.06378       121       640    0.8222    0.6127    0.7545    0.4526   0.04944   0.04919   0.02357
     17/49     12.2G   0.03559   0.02212  0.004282   0.06199        79       640    0.8632    0.6009    0.7567    0.4897   0.05104   0.04818   0.02393
     18/49     12.2G   0.03625   0.01924  0.004826   0.06032        28       640    0.6704    0.6188    0.7104    0.3543   0.05407   0.04949    0.0221
     19/49     12.2G   0.03539   0.02174  0.004438   0.06157        76       640    0.6086    0.6618    0.6778    0.3348   0.05472   0.04673   0.02254
     20/49     12.2G   0.03566   0.02129  0.004374   0.06133        45       640    0.8118    0.6218    0.7697    0.4727   0.05277   0.04671   0.02084
     21/49     12.2G   0.03668   0.02045  0.005598   0.06273        26       640    0.7008    0.7908    0.7991    0.4801   0.05567    0.0475   0.02021
     22/49     12.2G   0.03558   0.02509  0.005019   0.06569        89       640    0.6885    0.7051    0.7188     0.366    0.0568   0.04552   0.02009
     23/49     12.2G   0.03428   0.02033  0.003956   0.05856        64       640    0.8231    0.6052    0.7902    0.4754   0.05586   0.04506   0.01905
     24/49     12.2G   0.03468   0.01951  0.004419   0.05861        43       640    0.6978    0.6811     0.754    0.4386   0.05389   0.04442   0.01654
     25/49     12.2G   0.03888   0.02216  0.004135   0.06517        11       640    0.7523    0.6081    0.7269    0.3779   0.06026   0.04217   0.01937
     26/49     12.2G   0.03907   0.02121  0.005106   0.06539       108       640    0.7853    0.6642    0.7897    0.4334    0.0602   0.04283   0.01924
     27/49     12.2G   0.03648   0.02151  0.004237   0.06222        46       640    0.6768    0.7556    0.7399    0.3598   0.05742   0.04464   0.01685
     28/49     12.2G   0.03661   0.02208  0.003768   0.06245        62       640    0.6226    0.7361    0.7371    0.4189   0.05719   0.04288   0.01638
     29/49     12.2G   0.03696   0.02223  0.004535   0.06373        61       640    0.7546    0.7009    0.7971    0.4653   0.05711   0.04189   0.01827
     30/49     12.2G    0.0347   0.02171  0.004865   0.06128        70       640    0.7751    0.7168    0.8137    0.5006    0.0574   0.04174    0.0176
     31/49     12.2G   0.03642   0.02149  0.005228   0.06313        78       640    0.7562    0.7075    0.7859     0.445   0.05657   0.04466    0.0186
     32/49     12.2G   0.03556   0.02519  0.004714   0.06546        79       640    0.6401    0.8085    0.7807    0.4232   0.05772    0.0433   0.01913
     33/49     12.2G   0.04094   0.02121  0.004611   0.06676        58       640    0.7004     0.681    0.7813    0.4709   0.06457   0.04129    0.0199
     34/49     12.2G   0.03889   0.02132  0.005004   0.06521        98       640    0.8185    0.7636      0.86    0.5573    0.0586   0.04351   0.01795
     35/49     12.2G   0.03673   0.02069  0.004534   0.06196        74       640    0.8165    0.7149    0.8365      0.52   0.06153   0.04449   0.01757
     36/49     12.2G   0.03362   0.02387  0.004323   0.06181        55       640     0.834    0.7352    0.8495    0.5323   0.05911   0.04254   0.01921
     37/49     12.2G   0.03379   0.02204  0.004356   0.06019        96       640    0.8034    0.7712    0.8733    0.5771   0.05316   0.04327   0.01861
     38/49     12.2G   0.03115   0.01986  0.003587    0.0546        46       640    0.8373    0.7734    0.8641    0.5355   0.05476   0.04365    0.0187
     39/49     12.2G   0.03253   0.02111  0.004392   0.05803       103       640    0.8457    0.7813    0.8601    0.5447   0.05467   0.04445     0.018
     40/49     12.2G   0.03089   0.02143  0.003595   0.05592        38       640    0.8925    0.7386    0.8591    0.5764   0.05637   0.04535   0.01566
     41/49     12.2G   0.03352   0.01851  0.003508   0.05553        41       640     0.801    0.8014    0.8537    0.5085   0.06173   0.04577   0.01591
     42/49     12.2G   0.03991   0.01863  0.003762    0.0623        49       640    0.6664    0.7316    0.7522    0.4709   0.06419   0.04422   0.01587
     43/49     12.2G   0.03395   0.02391  0.003911   0.06178        70       640    0.8535    0.7312    0.8475    0.5806   0.06113   0.04249   0.01496
     44/49     12.2G   0.03407   0.01945  0.004359   0.05787        58       640    0.8687    0.7692    0.8585    0.5858   0.05961   0.04063   0.01451
     45/49     12.2G   0.03103   0.02039  0.003792   0.05522        35       640      0.88    0.7693    0.8688    0.5504   0.05955   0.04039   0.01419
     46/49     12.2G   0.03047   0.02269  0.003344   0.05651        23       640    0.8319    0.8216    0.8807    0.6081    0.0574   0.04093   0.01418
     47/49     12.2G   0.02972   0.02124  0.003688   0.05464        85       640    0.8978    0.7574    0.8801    0.5601   0.05838   0.04214   0.01384
     48/49     12.2G   0.02953   0.01756  0.002813    0.0499        61       640    0.8331    0.8327    0.8786     0.613   0.05625   0.04417   0.01347
     49/49     12.2G   0.02882   0.02127  0.003128   0.05322        75       640    0.8555    0.8233    0.8824    0.5716   0.05679   0.04439   0.01319
