      0/49     2.05G   0.03645   0.07096   0.04207    0.1495        93       640    0.5851    0.5866    0.6068    0.4041   0.05105    0.1028   0.03194
      1/49     10.3G   0.03409   0.05916   0.02641    0.1197        99       640    0.5919    0.5869    0.6151    0.4071   0.04957   0.09279   0.03513
      2/49     11.3G   0.03137   0.05412   0.01627    0.1018       160       640     0.678    0.5664    0.6493     0.439   0.04769    0.0867   0.03692
      3/49     11.3G   0.03055   0.04957    0.0105   0.09062       153       640    0.7077    0.5925    0.6996     0.471   0.04796   0.08659   0.03505
      4/49     11.3G   0.02997   0.04612  0.008888   0.08498       210       640    0.6903    0.6982    0.7609    0.5121   0.04816   0.09063    0.0316
      5/49     11.3G   0.03179   0.04473  0.007721   0.08424       222       640    0.7255    0.6991    0.7927     0.506   0.05165   0.08877    0.0315
      6/49     11.3G   0.03106   0.04364   0.00633   0.08103       144       640    0.7905    0.7329    0.8292    0.5764   0.04976   0.08872   0.03003
      7/49     11.3G   0.03152   0.04129  0.005602   0.07841       165       640    0.7741    0.7776    0.8508    0.5717   0.04884   0.09071   0.02805
      8/49     11.3G   0.03792   0.04108  0.005378   0.08438       115       640    0.4705    0.7224    0.5102    0.2147   0.06758   0.08391   0.02695
      9/49     11.3G   0.04291   0.03748  0.005326   0.08571       160       640    0.6164    0.7402    0.6686    0.3507   0.06401   0.08355   0.02477
     10/49     11.3G   0.03868   0.03738  0.006005   0.08207        56       640    0.5615    0.6106     0.569    0.2611   0.06721   0.08159   0.02458
     11/49     11.3G   0.03965   0.03747  0.006467   0.08359       185       640     0.503    0.8121    0.6135    0.2869   0.07208   0.07342   0.01973
     12/49     11.3G   0.03845   0.03623  0.005582   0.08026       181       640    0.6052    0.7893    0.6775    0.3538   0.06719   0.07366    0.0183
     13/49     11.3G   0.04023    0.0354  0.006968    0.0826       100       640     0.517    0.8521    0.6143    0.2651   0.07942   0.06972   0.01406
     14/49     11.3G   0.04337   0.03543  0.007111   0.08591        86       640    0.8325    0.8459     0.873    0.5572    0.0668   0.07915   0.01412
     15/49     11.3G   0.04075   0.03876  0.006304   0.08581       144       640    0.5656    0.6736     0.622    0.3112   0.07627   0.07432   0.01772
     16/49     11.3G   0.03981   0.03774  0.006599   0.08416       222       640    0.8191    0.8035      0.85    0.4963   0.06408   0.07562   0.01554
     17/49     11.3G   0.03876    0.0369  0.006171   0.08184       212       640     0.825    0.8859    0.9013    0.5862   0.05948   0.07842   0.01631
     18/49     11.3G   0.03708   0.03271  0.005612   0.07539       116       640     0.737     0.724       0.8    0.5194   0.06907   0.07605   0.01486
     19/49     11.3G   0.03956   0.03423   0.00564   0.07942       177       640    0.8718    0.7901    0.8806    0.5684   0.06064   0.07967   0.01333
     20/49     11.3G    0.0367   0.03543  0.005541   0.07767       105       640    0.9142    0.8437    0.9078    0.5144   0.05971   0.07901   0.01211
     21/49     11.3G   0.03772   0.03652  0.005334   0.07957       106       640     0.815    0.8197    0.8413    0.5182   0.06231   0.08139   0.01463
     22/49     11.3G   0.03683   0.04169  0.005368   0.08389       169       640    0.7982    0.7837     0.835    0.3924     0.059   0.08391    0.0119
     23/49     11.3G   0.03635   0.03736  0.004607   0.07832       166       640    0.6657    0.7858     0.759    0.4401   0.06532   0.07795   0.01086
     24/49     11.3G   0.04179   0.03551  0.004935   0.08223       105       640    0.8555    0.7731    0.8617    0.5614   0.06133   0.08056   0.01179
     25/49     11.4G   0.03818    0.0402  0.005124   0.08351        35       640    0.7188    0.7995    0.8337    0.5133   0.05676   0.07485   0.01146
     26/49     11.4G   0.04129   0.04739  0.005323   0.09401       282       640    0.6377    0.7689    0.7671    0.3818   0.07029   0.06759   0.01041
     27/49     11.4G   0.04219   0.04555  0.006394   0.09414       141       640    0.6785    0.7673     0.723     0.351   0.07459   0.05889   0.01042
     28/49     11.4G   0.04111   0.04144  0.005929   0.08848       127       640    0.6071     0.874    0.7488    0.3456   0.06514   0.06558  0.009938
     29/49     11.4G   0.03887   0.04269  0.004991   0.08655       172       640     0.783    0.6939     0.757    0.3475   0.06993   0.06402  0.009306
     30/49     11.4G   0.03945   0.04196   0.00548   0.08689       187       640    0.9098    0.8034    0.9115    0.6098   0.05959   0.07405   0.01128
     31/49     11.4G   0.03379   0.04062  0.004997   0.07942       198       640    0.8964    0.7934    0.8983    0.5443   0.05711   0.07227  0.009573
     32/49     11.4G   0.03258   0.04765  0.004684   0.08491       204       640    0.9293    0.8225    0.9275    0.6234   0.04976   0.07338  0.009427
     33/49     11.4G   0.03362   0.04265  0.004279   0.08054       139       640    0.6719    0.7559    0.7368    0.3849   0.05894   0.07233  0.009732
     34/49     11.4G   0.03327   0.04156  0.004402   0.07923       229       640    0.7571    0.7809    0.8381    0.5859   0.06003   0.06829  0.009819
     35/49     11.4G   0.03542   0.04217  0.004181   0.08177       238       640    0.8123    0.8159    0.8842    0.5382   0.05896   0.06863  0.009548
     36/49     11.4G   0.03471   0.04628  0.004018     0.085       174       640    0.9018    0.8305    0.9325    0.6216   0.05686   0.06445   0.01034
     37/49     11.4G   0.03144   0.04256   0.00431   0.07831       136       640    0.8742    0.8471    0.9101    0.6306   0.05247   0.06748  0.009972
     38/49     11.4G   0.02949   0.03971  0.003674   0.07287       103       640    0.9068    0.9164    0.9474    0.6863   0.05165   0.07193  0.009457
     39/49     11.4G   0.02983   0.04339  0.003922   0.07714       265       640    0.9593    0.8864    0.9528    0.6518   0.05204   0.07238  0.009805
     40/49     11.4G   0.02783   0.04382  0.003368   0.07502       128       640    0.9597    0.9042    0.9653    0.6836   0.04955   0.07386  0.009958
     41/49     11.4G   0.02845   0.03688  0.003136   0.06847       135       640    0.8163    0.8327    0.8818    0.5269   0.05682   0.07596  0.009949
     42/49     11.4G   0.03596   0.03805  0.003131   0.07713       152       640     0.836    0.8074    0.8911    0.5254   0.06138   0.07903    0.0105
     43/49     11.4G   0.03219   0.04136  0.003943   0.07749       117       640    0.8702    0.8583    0.9333    0.6219   0.05413   0.07804   0.01056
     44/49     11.4G   0.03235   0.03949  0.004378   0.07622       254       640    0.9465    0.8791    0.9526    0.6522   0.05338   0.07771   0.01024
     45/49     11.4G   0.02927   0.04086  0.003634   0.07376       106       640    0.9317    0.8768    0.9515    0.6565   0.05326   0.07851   0.01021
     46/49     11.4G   0.02987   0.04034  0.003252   0.07347        87       640    0.9557     0.873    0.9504    0.6592   0.05325   0.07792   0.01071
     47/49     11.4G   0.02789   0.03886  0.003324   0.07008       155       640    0.9454    0.8878    0.9561    0.6408   0.04984   0.08301   0.01098
     48/49     11.4G   0.02822   0.03376  0.003263   0.06524       128       640    0.9675     0.877    0.9607    0.6787   0.05006   0.08306    0.0106
     49/49     11.4G   0.02676   0.03876  0.002909   0.06843       172       640    0.9365    0.8876    0.9622    0.6284   0.04908   0.08092   0.01006
