      0/49     9.79G     0.036   0.04028   0.04046    0.1167       183       640    0.5906    0.7359     0.689    0.4671   0.04635   0.06604   0.02974
      1/49     9.72G   0.03266   0.03518    0.0229   0.09073       142       640    0.6381    0.6317    0.6683    0.4495   0.04567   0.06217   0.03408
      2/49     10.3G   0.03216   0.03344   0.01557   0.08117       173       640    0.6538    0.6664    0.6797     0.456   0.04648   0.06001   0.03411
      3/49     10.3G   0.03061   0.02795   0.01066   0.06923       200       640    0.6114    0.6969    0.7004    0.4771   0.04599   0.05713   0.03405
      4/49     10.3G   0.03149   0.02898  0.008422   0.06889       223       640    0.6299    0.6877    0.6892    0.4283   0.04711   0.05461     0.033
      5/49     10.3G   0.03157   0.02932  0.008745   0.06964       219       640    0.8007    0.6257    0.7435    0.4654   0.04966   0.05523   0.02923
      6/49     10.3G   0.03222   0.02922  0.007654   0.06909       194       640    0.8104    0.5785     0.714    0.4336   0.05018   0.05431   0.02996
      7/49     10.4G   0.03311    0.0241  0.006121   0.06333       189       640    0.5278    0.6297    0.6176    0.2944   0.05797   0.05302   0.02878
      8/49     10.4G   0.04079   0.02484  0.005889   0.07151       172       640    0.6876    0.6452    0.7027    0.4169   0.05393   0.05549   0.02718
      9/49     10.4G   0.03813    0.0247  0.006323   0.06915       282       640    0.7627    0.6395    0.7325    0.4559   0.04967   0.05671   0.02318
     10/49     10.4G   0.03737   0.02295  0.005996   0.06632       202       640    0.6945    0.6676    0.7048    0.4097   0.05252    0.0564   0.02156
     11/49     10.4G   0.03384   0.02605  0.005556   0.06544        75       640    0.7419     0.629     0.724    0.4484   0.05262   0.05223   0.02365
     12/49     10.4G   0.03769   0.02354   0.00494   0.06617       227       640     0.708    0.5967    0.6645    0.3635    0.0572   0.05289   0.02063
     13/49     10.4G   0.03969   0.02636  0.006266   0.07231       157       640    0.8479    0.6493    0.7453    0.4726   0.05835   0.04838   0.01678
     14/49     10.4G   0.04032   0.02308  0.006215   0.06961       176       640    0.6476    0.6792    0.6479    0.2944   0.05612   0.05454   0.01451
     15/49     10.4G    0.0361   0.02631   0.00593   0.06835       149       640    0.7822    0.6585    0.7366    0.4659   0.05301   0.05267   0.01732
     16/49     10.4G    0.0351   0.02478  0.004987   0.06487       223       640    0.7696    0.7164    0.7809    0.4647   0.05178   0.05342   0.01795
     17/49     10.4G   0.03641   0.02298  0.005202   0.06459       180       640    0.7944    0.7483    0.7845    0.4547   0.04789   0.05269   0.01748
     18/49     10.4G   0.03504   0.02499  0.004475   0.06451       257       640     0.782    0.6584    0.7428    0.3942   0.05137   0.05126   0.02072
     19/49     10.4G   0.03532   0.02268  0.004871   0.06287        82       640    0.7355    0.6689    0.7336    0.3601    0.0529     0.054   0.01934
     20/49     10.4G    0.0339   0.02384  0.004433   0.06218       257       640    0.8268    0.6142    0.7614     0.469   0.05327   0.05037    0.0188
     21/49     10.4G   0.03593   0.02588  0.004725   0.06653       147       640    0.7186    0.6793    0.7426    0.4465   0.05331   0.04912   0.01902
     22/49     10.4G   0.03442   0.02464  0.004283   0.06334       233       640     0.579     0.695    0.6423    0.2834   0.05552   0.04906   0.01813
     23/49     10.4G   0.04003   0.02328  0.004625   0.06793       246       640    0.3962    0.7162    0.4581    0.2268   0.06373   0.04978   0.01777
     24/49     10.4G   0.04674   0.02372  0.006826   0.07728       256       640     0.559    0.5548    0.5477    0.2374   0.08582   0.03762   0.01843
     25/49     10.4G   0.04902   0.02183  0.007184   0.07803       261       640    0.3271    0.5297    0.4121    0.1058   0.09975   0.03027   0.01378
     26/49     10.4G   0.04983   0.01905  0.008406    0.0773       272       640    0.6196    0.5454    0.5683    0.2863   0.09474   0.03068   0.01126
     27/49     10.4G   0.04532   0.01941  0.006978   0.07171       162       640    0.6322    0.4751    0.5285    0.1958   0.09524   0.02925  0.008959
     28/49     10.4G   0.04633    0.0201  0.007153   0.07358       186       640    0.4982     0.673    0.5874    0.2401   0.09236   0.03011  0.008874
     29/49     10.4G   0.04311    0.0194  0.006532   0.06904       160       640    0.5964    0.6829    0.6382    0.3149   0.08958    0.0303  0.007541
     30/49     10.4G   0.04442   0.01933  0.006206   0.06995       224       640    0.6148    0.6776    0.6093    0.2889   0.09245    0.0289  0.009565
     31/49     10.4G   0.04218   0.02005  0.007146   0.06937       178       640    0.6363    0.7383    0.6724    0.3828   0.09157   0.02952  0.007998
     32/49     10.4G   0.03992   0.01898  0.005412   0.06431       182       640    0.7103    0.7303    0.7294    0.4264   0.09152   0.02981   0.00763
     33/49     10.4G   0.04118   0.01875  0.005607   0.06553       193       640    0.6955    0.7009    0.6743    0.2931   0.09347   0.03071  0.007663
     34/49     10.4G   0.03754   0.02137  0.005779   0.06469       359       640    0.7889    0.7003    0.7238    0.4149   0.09039   0.02952  0.007865
     35/49     10.4G   0.03705   0.02022  0.005198   0.06247       200       640    0.7478    0.6748    0.7144    0.4274   0.08342   0.03239  0.008826
     36/49     10.4G   0.03644    0.0217  0.005499   0.06364       229       640    0.7576    0.7232    0.7442    0.4107   0.08374   0.03215  0.006966
     37/49     10.4G   0.03794   0.02065   0.00517   0.06376       125       640    0.7886     0.728    0.7495    0.4588   0.08048   0.03261  0.007418
     38/49     10.4G   0.03528   0.02048   0.00541   0.06117       245       640     0.792    0.7353    0.7546    0.4092   0.07895   0.03289  0.007749
     39/49     10.4G   0.03925   0.02039   0.00509   0.06472       164       640    0.7394    0.7338    0.7431     0.419   0.07824    0.0345  0.008139
     40/49     10.4G   0.03467   0.02134   0.00514   0.06114       183       640    0.7516    0.8178    0.7827    0.5018   0.07666   0.03422  0.007792
     41/49     10.4G   0.03557   0.02208  0.004313   0.06197       223       640    0.7842    0.8198    0.8048     0.467   0.07339   0.03343  0.007214
     42/49     10.4G   0.03336   0.02352  0.004522    0.0614       157       640    0.7514    0.8379    0.8076    0.5353   0.07431   0.03357  0.006944
     43/49     10.4G   0.03502   0.02081  0.004043   0.05987       284       640    0.7444    0.8522     0.813    0.5445   0.07202   0.03458  0.006908
     44/49     10.4G   0.03172   0.02192  0.004166    0.0578       191       640    0.7903     0.737    0.8132     0.529   0.07192    0.0341  0.006892
     45/49     10.4G   0.03262   0.02008  0.004266   0.05697       161       640    0.8216    0.7253    0.8162    0.5664   0.07056   0.03465  0.006771
     46/49     10.4G   0.03174   0.01957  0.003519   0.05483       293       640    0.7237    0.8445     0.817    0.5343   0.07043   0.03503  0.006932
     47/49     10.4G   0.03143   0.01999  0.003743   0.05516       204       640    0.8053    0.7731    0.8062    0.5772   0.06915   0.03554  0.006876
     48/49     10.4G   0.03091   0.01916  0.003143   0.05321       151       640    0.7682    0.8266    0.8019    0.5207   0.06868   0.03641  0.006755
     49/49     10.4G   0.03039   0.01999  0.003736   0.05412       243       640    0.7821    0.8046    0.8046    0.5638   0.06737   0.03668  0.006845
