      0/49     1.35G   0.03697   0.07221   0.04243    0.1516        90       640    0.5296    0.5647    0.5491    0.3664   0.05017   0.09423   0.03334
      1/49     10.8G   0.03474   0.06025   0.02645    0.1214       103       640    0.4816    0.6244    0.5358    0.3357   0.05208   0.08656   0.03477
      2/49     12.5G   0.03164   0.05441   0.01665    0.1027       162       640    0.5573    0.5964    0.6035    0.3937    0.0496   0.08246    0.0362
      3/49     12.5G   0.03035   0.04979   0.01111   0.09126       151       640    0.6397    0.5843    0.6482    0.4305   0.04934   0.07961   0.03703
      4/49     12.5G   0.03023   0.04658  0.008929   0.08574       207       640    0.6812    0.6518    0.7231    0.4799   0.04993   0.08142   0.03426
      5/49     12.5G   0.03223   0.04489  0.007786   0.08491       224       640    0.6607    0.7699    0.7836    0.4976   0.05114   0.08023   0.03371
      6/49     12.5G   0.03148   0.04417  0.006984   0.08263       142       640     0.808    0.6801    0.8154    0.5432   0.05027   0.08013   0.03002
      7/49     12.5G   0.03196   0.04195  0.005983    0.0799       171       640    0.7873    0.7636    0.8291    0.5148    0.0535   0.07871   0.02985
      8/49     12.5G   0.03782   0.04137  0.005383   0.08458       112       640    0.4985    0.7183     0.571    0.2448   0.06996   0.07345   0.02918
      9/49     12.5G   0.04377   0.03796  0.005617   0.08735       166       640    0.5891    0.6765    0.6973    0.2737   0.06658   0.07338   0.02564
     10/49     12.5G   0.03829   0.03899  0.006055   0.08333        51       640    0.7906    0.6279      0.75    0.3128   0.06479   0.06951    0.0236
     11/49     12.5G   0.04187   0.04032  0.005763   0.08795       184       640    0.5805    0.6594    0.6152    0.2399   0.07216    0.0608   0.01855
     12/49     12.5G   0.04242   0.04333  0.006363   0.09211       177       640    0.7937    0.7539    0.8268    0.4446   0.06752   0.05968    0.0175
     13/49     12.5G   0.03599   0.04415   0.00651   0.08665       101       640    0.8515    0.7489    0.8643    0.4896   0.05896   0.07167   0.01669
     14/49     12.5G   0.03543   0.04355  0.005822   0.08481        89       640    0.7399    0.8006    0.8517    0.4804   0.05904   0.06651   0.01707
     15/49     12.5G   0.04216   0.04261  0.006267   0.09104       139       640    0.8218    0.7812    0.8132    0.4427   0.06369   0.06492    0.0208
     16/49     12.5G   0.03617   0.04311  0.005896   0.08517       224       640    0.8151    0.8775    0.9025    0.5206   0.05824   0.07086    0.0194
     17/49     12.5G   0.03647    0.0433  0.005314   0.08509       214       640    0.8116    0.6377    0.7912    0.3971   0.05986   0.06676   0.01702
     18/49     12.5G   0.04101   0.03497  0.005013   0.08099       116       640    0.6748    0.7601    0.7541    0.3581   0.06388   0.05989   0.01391
     19/49     12.5G   0.04109   0.03643  0.005727   0.08325       184       640    0.7584    0.7453    0.7942    0.4512   0.06231   0.06283   0.01478
     20/49     12.5G   0.03809   0.04235  0.006083   0.08653       117       640    0.8329    0.8238    0.9022     0.592   0.05405   0.06915   0.01444
     21/49     12.5G   0.03419   0.04507  0.005039    0.0843       112       640    0.8444    0.7962    0.8923    0.5366   0.05164   0.06973   0.01633
     22/49     12.5G   0.03365   0.04903  0.004686   0.08737       168       640    0.8266    0.8188    0.8988    0.5883   0.05537   0.06986   0.01404
     23/49     12.5G   0.03192   0.04111  0.004836   0.07787       172       640    0.7377    0.8089    0.8147    0.4157   0.05931   0.07137   0.01376
     24/49     12.5G   0.03616   0.03859   0.00539   0.08015       102       640    0.8849    0.8608    0.9161     0.567   0.05443   0.06726   0.01293
     25/49     12.5G   0.03902   0.04173   0.00562   0.08636        36       640    0.7916    0.7512    0.7877    0.4519   0.07235   0.05609   0.01366
     26/49     12.5G     0.046   0.03838  0.006616     0.091       275       640    0.6121    0.7021    0.6666    0.2443   0.08023   0.05411   0.01373
     27/49     12.5G   0.04488   0.03837  0.006622   0.08987       138       640    0.7682    0.8009    0.8122    0.3715    0.0807   0.04906   0.01143
     28/49     12.5G   0.04053   0.03737  0.005153   0.08305       127       640    0.8475     0.687    0.8201    0.4432   0.08043   0.04713  0.008932
     29/49     12.5G   0.04173   0.03797  0.005566   0.08526       177       640    0.9015    0.6838    0.8351    0.3758   0.08257    0.0452    0.0112
     30/49     12.5G   0.04353   0.03367  0.004808   0.08201       179       640    0.9103    0.6874    0.8428    0.4686   0.08457   0.04509   0.01083
     31/49     12.5G   0.04337   0.03402  0.005639   0.08303       207       640    0.8458    0.7402    0.8486    0.4827   0.07755     0.051   0.01022
     32/49     12.5G   0.03662   0.04388  0.005509   0.08601       198       640    0.8801    0.7746    0.8718    0.5484   0.07674   0.04553  0.009598
     33/49     12.5G   0.03964   0.03569  0.004649   0.07998       142       640    0.7874    0.7322    0.8312    0.4936   0.07916   0.04424    0.0109
     34/49     12.5G   0.04086   0.03602   0.00493   0.08182       233       640    0.9038    0.7748    0.8821    0.5735   0.07835     0.044   0.01039
     35/49     12.5G   0.03896   0.03643  0.004447   0.07983       246       640    0.8165    0.7723    0.8497    0.4858    0.0754   0.04791   0.00979
     36/49     12.5G   0.03909   0.03971  0.004559   0.08335       175       640    0.8051    0.8363    0.8923    0.5669    0.0694   0.04812  0.009128
     37/49     12.5G     0.034   0.03698  0.004853   0.07583       137       640    0.9222    0.8741    0.9423    0.6057   0.06484   0.04914  0.008911
     38/49     12.5G   0.03397   0.03435  0.004249   0.07257       101       640    0.8822    0.8675    0.9417    0.5974    0.0646   0.05141   0.00887
     39/49     12.5G   0.03425    0.0359  0.004142   0.07429       255       640    0.9484    0.8583    0.9518    0.5749   0.06417   0.05373  0.008344
     40/49     12.5G   0.03134   0.03812  0.003912   0.07338       141       640    0.9138    0.8378    0.9398    0.6542   0.06555   0.05058  0.008501
     41/49     12.5G   0.03327   0.03301  0.003915   0.07019       132       640    0.9107    0.7884     0.912    0.4717   0.07591   0.05069  0.008437
     42/49     12.5G   0.03853   0.03672  0.004008   0.07926       157       640    0.8835    0.8471    0.9239    0.5892   0.07524   0.04847  0.009285
     43/49     12.5G   0.03212   0.03701  0.004544   0.07367       125       640    0.8905    0.9088    0.9406    0.6249   0.06882   0.04974   0.01001
     44/49     12.5G   0.03278   0.03451  0.004781   0.07207       250       640    0.9186    0.8006    0.9386    0.6466   0.06898   0.04944  0.009699
     45/49     12.5G   0.02951   0.03621  0.003825   0.06954       110       640    0.8888    0.9081    0.9515    0.6477   0.06677   0.04863  0.009289
     46/49     12.5G   0.02963   0.03604  0.003451   0.06912        86       640    0.8787    0.9133     0.948    0.5914   0.06849   0.04686  0.009236
     47/49     12.5G   0.03241   0.03376  0.003565   0.06974       161       640    0.9154    0.8999     0.954    0.6506     0.067    0.0477  0.009455
     48/49     12.5G   0.03256    0.0308  0.003407   0.06677       130       640     0.879    0.9254      0.96    0.6613   0.06665   0.04826  0.009177
     49/49     12.5G   0.03003   0.03305  0.003683   0.06677       174       640    0.9102    0.9169    0.9581    0.6328   0.06752   0.04898  0.009143
