      0/49      9.8G   0.03381   0.03386   0.03558    0.1032       161       640    0.8726    0.5897    0.7837    0.6209   0.04676   0.05709   0.02943
      1/49     9.86G   0.03345   0.03027   0.02328     0.087       139       640     0.751    0.7089    0.7912    0.6168   0.04655   0.05442   0.03179
      2/49     10.5G   0.03171   0.02904   0.01671   0.07746       168       640    0.7793    0.7286    0.8079    0.6249   0.04731   0.05206   0.03162
      3/49     10.5G   0.03018   0.02422   0.01032   0.06472       137       640    0.7916    0.7678     0.826    0.6046    0.0491   0.05024   0.03005
      4/49     10.5G   0.03133   0.02605  0.008698   0.06607       183       640    0.8095    0.7588    0.8429    0.5481   0.05109   0.04898   0.02776
      5/49     10.5G   0.03165   0.02405   0.00673   0.06243       198       640    0.7769    0.7663    0.8401    0.5869    0.0516   0.04902   0.02548
      6/49     10.5G   0.03282   0.02454  0.006539    0.0639       157       640    0.7975    0.7911    0.8708     0.521   0.05189   0.04846   0.02634
      7/49     10.5G   0.03295    0.0216  0.006182   0.06073       143       640    0.6865    0.7757    0.7949    0.4568   0.06255   0.04462   0.02559
      8/49     10.5G    0.0435   0.01901  0.006031   0.06855       129       640    0.7313    0.7431    0.8123    0.5266   0.06534   0.04286   0.02136
      9/49     10.5G    0.0403   0.02116  0.007087   0.06854       272       640    0.7128    0.7886    0.8221    0.5349   0.06763   0.03946    0.0192
     10/49     10.5G   0.03938   0.01776  0.007004   0.06414       221       640    0.5774    0.7727    0.8052    0.4321   0.07179   0.03737   0.01837
     11/49     10.5G   0.04365   0.01854  0.006839   0.06903        78       640    0.9772    0.5642    0.8304    0.4704   0.07334   0.03734   0.01722
     12/49     10.5G   0.03872   0.01771  0.006769   0.06321       213       640    0.7624    0.7733    0.8232    0.4773   0.06739   0.03997   0.01635
     13/49     10.5G   0.03757    0.0218  0.006607   0.06598       158       640    0.6746    0.7547    0.8439    0.5003   0.06352   0.04094   0.01457
     14/49     10.5G   0.04105   0.01925   0.00618   0.06648       198       640    0.6372    0.7548    0.7604    0.5077   0.06654   0.03951   0.01515
     15/49     10.5G   0.04134   0.01872  0.006593   0.06665       115       640    0.7423    0.7755    0.8213    0.5326   0.05749   0.04238   0.01146
     16/49     10.5G   0.03972   0.01955  0.005655   0.06492       228       640    0.6657    0.7798    0.8271    0.5088   0.05744   0.03867   0.01138
     17/49     10.5G    0.0387   0.01893   0.00532   0.06296       210       640    0.6643     0.875    0.8294    0.4486    0.0582   0.03998   0.01188
     18/49     10.5G   0.04089   0.02087  0.005945   0.06771       217       640    0.8111    0.8913     0.902    0.5349   0.04914   0.04552   0.01448
     19/49     10.5G   0.03714   0.02129  0.005377   0.06381        58       640    0.8801    0.6982     0.881    0.5858   0.06325   0.04189   0.01168
     20/49     10.5G   0.03643   0.02234  0.005506   0.06427       197       640    0.7903    0.7219    0.8436    0.4517   0.06141   0.04099   0.01291
     21/49     10.5G   0.03516   0.02246  0.005565   0.06319        95       640    0.8389    0.8434    0.9294     0.677   0.05546   0.04126   0.01197
     22/49     10.5G   0.03599   0.02057  0.004784   0.06134       178       640    0.6407    0.8648     0.911    0.6147    0.0591   0.04118   0.01264
     23/49     10.5G   0.03764    0.0196  0.004251   0.06149       156       640    0.8061    0.7308    0.8601    0.4594   0.06243   0.03933    0.0126
     24/49     10.5G   0.04399   0.01987  0.005549   0.06941       269       640    0.7228    0.7353    0.7728     0.416   0.07114   0.03909   0.01305
     25/49     10.5G    0.0402    0.0214  0.005967   0.06757       190       640    0.8886    0.7027    0.8538     0.579   0.07119   0.03427    0.0105
     26/49     10.5G   0.04312   0.01823  0.005692   0.06704       212       640    0.8775    0.7762    0.8734    0.4385   0.06958   0.03338   0.01006
     27/49     10.5G   0.03937   0.01948   0.00512   0.06397       139       640    0.6841    0.7287    0.7498    0.2962   0.07524    0.0328  0.009987
     28/49     10.5G   0.04427   0.01931   0.00559   0.06917       133       640    0.9079    0.6324    0.8242    0.5283    0.0781   0.03257  0.009584
     29/49     10.5G   0.04339     0.018  0.005974   0.06736       140       640    0.6002    0.7999    0.8216    0.4239   0.07089    0.0342   0.01078
     30/49     10.5G   0.03895   0.01978  0.005474    0.0642       154       640    0.8911    0.6986    0.8734    0.5785   0.07126    0.0319  0.008818
     31/49     10.5G   0.04075   0.01894  0.005083   0.06477       169       640    0.6572    0.8557     0.887    0.5636   0.06954   0.03411   0.00758
     32/49     10.5G   0.03829   0.01807  0.005792   0.06215       148       640    0.8749    0.6947    0.8687    0.4708   0.07024   0.03445  0.007199
     33/49     10.5G   0.03882   0.01767  0.006038   0.06253       133       640    0.7379    0.7715    0.7951    0.4256   0.07238   0.03364  0.007062
     34/49     10.5G   0.03616   0.01997  0.005097   0.06122       242       640    0.8615    0.7835    0.9126    0.5921   0.06594   0.03448  0.007013
     35/49     10.5G   0.03432   0.01899  0.004096   0.05741       179       640    0.7857    0.8302    0.9171    0.6546   0.06789    0.0338  0.007614
     36/49     10.5G   0.03614   0.01987  0.004514   0.06053       206       640    0.8482    0.8252      0.93    0.6632   0.06628    0.0344  0.008555
     37/49     10.5G   0.03398   0.01786  0.004217   0.05606       126       640    0.8391     0.838    0.9361    0.5563   0.06594   0.03479  0.008796
     38/49     10.5G   0.03487   0.01786   0.00458   0.05732       174       640    0.8619    0.7197    0.8973    0.5182   0.06823   0.03501  0.008186
     39/49     10.5G   0.03724   0.01753  0.003929    0.0587       154       640    0.7906    0.8548    0.9443     0.582   0.06601   0.03675  0.008683
     40/49     10.5G   0.03155   0.01828  0.004212   0.05404       174       640    0.7842    0.8529    0.9402    0.6895    0.0641    0.0365  0.007477
     41/49     10.5G   0.03064    0.0186  0.002889   0.05213       202       640    0.8482    0.8381     0.944    0.6192   0.06655   0.03421  0.006844
     42/49     10.5G   0.03388   0.01975  0.003796   0.05743       167       640    0.8728    0.8299     0.949    0.6801   0.06635   0.03413  0.007097
     43/49     10.5G   0.03172   0.01771  0.003727   0.05316       191       640    0.8307    0.8602    0.9446    0.6928   0.06578   0.03514  0.007186
     44/49     10.5G   0.03162   0.01883  0.003856   0.05431       159       640    0.8489    0.8573    0.9477    0.6135   0.06481   0.03571  0.007271
     45/49     10.5G    0.0307   0.01766  0.003841    0.0522       138       640    0.8819    0.8502    0.9533    0.7476   0.06386   0.03554  0.007184
     46/49     10.5G   0.02943   0.01621  0.003311   0.04895       281       640    0.8729    0.8273    0.9509    0.6863   0.06505   0.03613  0.007137
     47/49     10.5G   0.03091   0.01665  0.003191   0.05075       177       640    0.8851     0.815    0.9502    0.6588   0.06519   0.03649  0.007085
     48/49     10.5G   0.03093   0.01671  0.002945   0.05059       185       640    0.9077    0.8124    0.9557     0.679   0.06466   0.03636  0.007429
     49/49     10.5G   0.02986   0.01655  0.003911   0.05032       152       640    0.8939    0.8266    0.9595    0.6776   0.06334   0.03674  0.007543
